01 01 0
01 02 0
01 03 0
01 04 0
01 05 0
01 06 0
01 07 0
01 08 0
01 09 0
01 10 0
01 11 0
01 12 0
01 13 0
01 14 0
01 15 0
01 16 0
01 17 0
01 18 0
01 19 0
01 20 0
01 21 0
01 22 0
01 23 0
01 24 0
01 25 0
01 26 0
01 27 0
01 28 0
01 29 0
01 30 0
01 31 0
01 32 0
01 33 0
01 34 0
01 35 0
01 36 0
01 37 0
01 38 0
01 39 0
01 40 0
01 41 0
01 42 0
01 43 0
01 44 0
01 45 0
02 01 0
02 02 0
02 03 0
02 04 0
02 05 0
02 06 0
02 07 0
02 08 0
02 09 0
02 10 0
02 11 0
02 12 0
02 13 0
02 14 0
02 15 0
02 16 0
02 17 0
02 18 0
02 19 0
02 20 0
02 21 0
02 22 0
02 23 0
02 24 0
02 25 0
02 26 0
02 27 0
02 28 0
02 29 0
02 30 0
02 31 0
02 32 0
02 33 0
02 34 0
02 35 0
02 36 0
02 37 0
02 38 0
02 39 0
02 40 0
02 41 0
02 42 0
02 43 0
02 44 0
02 45 0
03 01 0
03 02 0
03 03 0
03 04 0
03 05 0
03 06 0
03 07 0
03 08 0
03 09 0
03 10 0
03 11 0
03 12 0
03 13 0
03 14 0
03 15 0
03 16 0
03 17 0
03 18 0
03 19 0
03 20 0
03 21 0
03 22 0
03 23 0
03 24 0
03 25 0
03 26 0
03 27 0
03 28 0
03 29 0
03 30 0
03 31 0
03 32 0
03 33 0
03 34 0
03 35 0
03 36 0
03 37 0
03 38 0
03 39 0
03 40 0
03 41 0
03 42 0
03 43 0
03 44 0
03 45 0
04 01 0
04 02 0
04 03 0
04 04 0
04 05 0
04 06 0
04 07 0
04 08 0
04 09 0
04 10 0
04 11 0
04 12 0
04 13 0
04 14 0
04 15 0
04 16 0
04 17 0
04 18 0
04 19 0
04 20 0
04 21 0
04 22 0
04 23 0
04 24 0
04 25 0
04 26 0
04 27 0
04 28 0
04 29 0
04 30 0
04 31 0
04 32 0
04 33 0
04 34 0
04 35 0
04 36 0
04 37 0
04 38 0
04 39 0
04 40 0
04 41 0
04 42 0
04 43 0
04 44 0
04 45 0
05 01 0
05 02 0
05 03 0
05 04 0
05 05 0
05 06 0
05 07 0
05 08 0
05 09 0
05 10 0
05 11 0
05 12 0
05 13 0
05 14 0
05 15 0
05 16 0
05 17 0
05 18 0
05 19 0
05 20 0
05 21 0
05 22 0
05 23 0
05 24 0
05 25 1.0
05 26 1.0
05 27 1.0
05 28 1.0
05 29 0
05 30 0
05 31 0
05 32 0
05 33 0
05 34 0
05 35 0
05 36 0
05 37 0
05 38 0
05 39 0
05 40 0
05 41 0
05 42 0
05 43 0
05 44 0
05 45 0
06 01 0
06 02 0
06 03 0
06 04 0
06 05 0
06 06 0
06 07 0
06 08 0
06 09 0
06 10 0
06 11 0
06 12 0
06 13 0
06 14 0
06 15 1.0
06 16 1.0
06 17 1.0
06 18 0
06 19 1.0
06 20 1.0
06 21 1.0
06 22 1.0
06 23 1.0
06 24 1.0
06 25 1.41421356237
06 26 1.41421356237
06 27 1.41421356237
06 28 1.41421356237
06 29 1.0
06 30 1.0
06 31 1.0
06 32 1.0
06 33 1.0
06 34 1.41421356237
06 35 1.0
06 36 1.0
06 37 1.0
06 38 0
06 39 0
06 40 0
06 41 0
06 42 0
06 43 0
06 44 0
06 45 0
07 01 0
07 02 0
07 03 0
07 04 0
07 05 0
07 06 0
07 07 0
07 08 0
07 09 0
07 10 0
07 11 0
07 12 1.0
07 13 1.0
07 14 1.0
07 15 1.0
07 16 1.41421356237
07 17 1.0
07 18 1.0
07 19 1.0
07 20 1.41421356237
07 21 1.41421356237
07 22 1.41421356237
07 23 1.41421356237
07 24 1.41421356237
07 25 1.41421356237
07 26 2.2360679775
07 27 1.41421356237
07 28 2.2360679775
07 29 1.41421356237
07 30 1.41421356237
07 31 2.2360679775
07 32 1.41421356237
07 33 1.41421356237
07 34 1.41421356237
07 35 1.41421356237
07 36 2.2360679775
07 37 2.2360679775
07 38 1.0
07 39 1.0
07 40 1.0
07 41 1.0
07 42 1.0
07 43 0
07 44 0
07 45 0
08 01 0
08 02 0
08 03 0
08 04 0
08 05 0
08 06 0
08 07 0
08 08 0
08 09 1.0
08 10 1.0
08 11 1.0
08 12 1.41421356237
08 13 1.41421356237
08 14 1.41421356237
08 15 1.41421356237
08 16 1.41421356237
08 17 1.41421356237
08 18 1.41421356237
08 19 1.41421356237
08 20 1.41421356237
08 21 1.41421356237
08 22 1.41421356237
08 23 1.41421356237
08 24 2.2360679775
08 25 2.2360679775
08 26 2.2360679775
08 27 2.2360679775
08 28 2.2360679775
08 29 1.41421356237
08 30 2.2360679775
08 31 2.2360679775
08 32 1.41421356237
08 33 1.41421356237
08 34 1.41421356237
08 35 1.41421356237
08 36 2.2360679775
08 37 2.2360679775
08 38 1.41421356237
08 39 2.2360679775
08 40 1.0
08 41 1.0
08 42 1.41421356237
08 43 1.41421356237
08 44 2.2360679775
08 45 1.0
09 01 0
09 02 0
09 03 0
09 04 0
09 05 0
09 06 1.0
09 07 1.0
09 08 1.0
09 09 1.41421356237
09 10 1.41421356237
09 11 1.41421356237
09 12 1.41421356237
09 13 1.41421356237
09 14 1.41421356237
09 15 1.41421356237
09 16 1.41421356237
09 17 1.41421356237
09 18 1.41421356237
09 19 1.41421356237
09 20 1.41421356237
09 21 1.41421356237
09 22 1.41421356237
09 23 1.41421356237
09 24 2.2360679775
09 25 2.2360679775
09 26 2.2360679775
09 27 1.41421356237
09 28 1.41421356237
09 29 1.41421356237
09 30 2.2360679775
09 31 1.41421356237
09 32 1.41421356237
09 33 1.41421356237
09 34 1.41421356237
09 35 1.41421356237
09 36 1.41421356237
09 37 1.41421356237
09 38 1.41421356237
09 39 1.41421356237
09 40 1.41421356237
09 41 1.41421356237
09 42 1.41421356237
09 43 1.41421356237
09 44 1.0
09 45 1.41421356237
10 01 0
10 02 0
10 03 0
10 04 1.0
10 05 1.0
10 06 1.41421356237
10 07 1.0
10 08 1.41421356237
10 09 1.41421356237
10 10 1.41421356237
10 11 1.41421356237
10 12 1.41421356237
10 13 1.41421356237
10 14 1.41421356237
10 15 1.41421356237
10 16 1.41421356237
10 17 1.41421356237
10 18 1.41421356237
10 19 1.41421356237
10 20 1.41421356237
10 21 1.41421356237
10 22 1.41421356237
10 23 1.41421356237
10 24 1.41421356237
10 25 2.2360679775
10 26 2.2360679775
10 27 2.2360679775
10 28 2.2360679775
10 29 1.41421356237
10 30 1.41421356237
10 31 1.41421356237
10 32 1.41421356237
10 33 1.41421356237
10 34 2.2360679775
10 35 1.41421356237
10 36 1.41421356237
10 37 1.41421356237
10 38 1.41421356237
10 39 1.41421356237
10 40 1.41421356237
10 41 1.41421356237
10 42 2.2360679775
10 43 1.41421356237
10 44 1.41421356237
10 45 1.41421356237
11 01 1.0
11 02 1.0
11 03 1.0
11 04 1.41421356237
11 05 1.0
11 06 1.41421356237
11 07 1.41421356237
11 08 1.41421356237
11 09 1.41421356237
11 10 1.41421356237
11 11 1.41421356237
11 12 1.41421356237
11 13 1.41421356237
11 14 1.41421356237
11 15 1.41421356237
11 16 1.41421356237
11 17 1.41421356237
11 18 1.41421356237
11 19 1.41421356237
11 20 1.41421356237
11 21 1.41421356237
11 22 1.41421356237
11 23 1.41421356237
11 24 1.41421356237
11 25 1.41421356237
11 26 2.2360679775
11 27 2.2360679775
11 28 2.2360679775
11 29 1.41421356237
11 30 1.41421356237
11 31 1.41421356237
11 32 1.41421356237
11 33 1.41421356237
11 34 1.41421356237
11 35 1.41421356237
11 36 1.41421356237
11 37 1.41421356237
11 38 1.41421356237
11 39 1.41421356237
11 40 1.41421356237
11 41 1.41421356237
11 42 1.0
11 43 1.41421356237
11 44 1.0
11 45 1.0
12 01 1.41421356237
12 02 1.41421356237
12 03 1.41421356237
12 04 1.41421356237
12 05 1.0
12 06 1.41421356237
12 07 1.41421356237
12 08 1.41421356237
12 09 1.41421356237
12 10 1.41421356237
12 11 1.41421356237
12 12 1.41421356237
12 13 1.41421356237
12 14 2.2360679775
12 15 2.2360679775
12 16 2.2360679775
12 17 1.41421356237
12 18 1.41421356237
12 19 1.41421356237
12 20 1.41421356237
12 21 1.41421356237
12 22 1.41421356237
12 23 1.41421356237
12 24 2.2360679775
12 25 2.2360679775
12 26 2.2360679775
12 27 2.2360679775
12 28 2.2360679775
12 29 1.41421356237
12 30 1.41421356237
12 31 1.41421356237
12 32 1.41421356237
12 33 1.41421356237
12 34 1.41421356237
12 35 1.41421356237
12 36 1.41421356237
12 37 1.41421356237
12 38 1.41421356237
12 39 1.41421356237
12 40 2.2360679775
12 41 1.0
12 42 0
12 43 1.0
12 44 1.0
12 45 1.0
13 01 1.41421356237
13 02 2.2360679775
13 03 1.41421356237
13 04 1.41421356237
13 05 2.2360679775
13 06 1.41421356237
13 07 1.41421356237
13 08 1.41421356237
13 09 1.41421356237
13 10 1.41421356237
13 11 1.41421356237
13 12 1.41421356237
13 13 2.2360679775
13 14 2.2360679775
13 15 2.2360679775
13 16 2.2360679775
13 17 1.41421356237
13 18 1.41421356237
13 19 1.41421356237
13 20 2.2360679775
13 21 2.2360679775
13 22 2.2360679775
13 23 2.2360679775
13 24 2.2360679775
13 25 2.2360679775
13 26 2.2360679775
13 27 2.2360679775
13 28 1.41421356237
13 29 1.41421356237
13 30 1.41421356237
13 31 1.41421356237
13 32 1.41421356237
13 33 1.41421356237
13 34 1.41421356237
13 35 1.41421356237
13 36 1.41421356237
13 37 1.41421356237
13 38 1.0
13 39 2.2360679775
13 40 2.2360679775
13 41 2.2360679775
13 42 1.41421356237
13 43 2.0
13 44 1.0
13 45 1.0
14 01 2.2360679775
14 02 1.0
14 03 2.2360679775
14 04 2.2360679775
14 05 2.2360679775
14 06 1.41421356237
14 07 1.41421356237
14 08 1.41421356237
14 09 1.41421356237
14 10 1.41421356237
14 11 1.41421356237
14 12 1.41421356237
14 13 1.41421356237
14 14 1.41421356237
14 15 2.2360679775
14 16 1.41421356237
14 17 1.41421356237
14 18 1.41421356237
14 19 2.2360679775
14 20 2.2360679775
14 21 2.2360679775
14 22 2.2360679775
14 23 2.2360679775
14 24 2.2360679775
14 25 2.2360679775
14 26 2.2360679775
14 27 1.41421356237
14 28 1.41421356237
14 29 1.41421356237
14 30 1.41421356237
14 31 1.41421356237
14 32 1.41421356237
14 33 1.41421356237
14 34 1.41421356237
14 35 1.41421356237
14 36 1.41421356237
14 37 2.2360679775
14 38 2.2360679775
14 39 2.2360679775
14 40 2.2360679775
14 41 2.2360679775
14 42 2.2360679775
14 43 2.2360679775
14 44 1.0
14 45 1.0
15 01 2.2360679775
15 02 2.2360679775
15 03 2.2360679775
15 04 2.2360679775
15 05 2.2360679775
15 06 1.41421356237
15 07 1.41421356237
15 08 1.41421356237
15 09 1.41421356237
15 10 1.41421356237
15 11 1.41421356237
15 12 1.41421356237
15 13 1.41421356237
15 14 1.41421356237
15 15 1.41421356237
15 16 1.41421356237
15 17 1.41421356237
15 18 2.2360679775
15 19 2.2360679775
15 20 2.2360679775
15 21 2.2360679775
15 22 2.2360679775
15 23 2.2360679775
15 24 2.2360679775
15 25 1.41421356237
15 26 1.41421356237
15 27 1.41421356237
15 28 1.41421356237
15 29 1.41421356237
15 30 1.41421356237
15 31 1.41421356237
15 32 1.41421356237
15 33 1.41421356237
15 34 1.41421356237
15 35 1.41421356237
15 36 1.41421356237
15 37 2.2360679775
15 38 2.2360679775
15 39 2.2360679775
15 40 2.2360679775
15 41 2.2360679775
15 42 2.2360679775
15 43 2.2360679775
15 44 2.0
15 45 1.0
16 01 1.41421356237
16 02 2.2360679775
16 03 2.2360679775
16 04 1.41421356237
16 05 2.2360679775
16 06 2.2360679775
16 07 1.41421356237
16 08 1.41421356237
16 09 1.41421356237
16 10 2.2360679775
16 11 1.41421356237
16 12 1.41421356237
16 13 1.41421356237
16 14 1.41421356237
16 15 2.2360679775
16 16 2.2360679775
16 17 2.2360679775
16 18 2.2360679775
16 19 2.2360679775
16 20 2.2360679775
16 21 2.2360679775
16 22 2.2360679775
16 23 1.41421356237
16 24 1.41421356237
16 25 1.41421356237
16 26 1.41421356237
16 27 1.41421356237
16 28 1.41421356237
16 29 1.41421356237
16 30 2.2360679775
16 31 1.41421356237
16 32 1.41421356237
16 33 1.41421356237
16 34 1.41421356237
16 35 1.41421356237
16 36 1.41421356237
16 37 1.41421356237
16 38 1.41421356237
16 39 2.2360679775
16 40 2.2360679775
16 41 2.2360679775
16 42 2.2360679775
16 43 2.0
16 44 2.0
16 45 2.0
17 01 2.2360679775
17 02 2.2360679775
17 03 2.2360679775
17 04 1.41421356237
17 05 2.2360679775
17 06 1.41421356237
17 07 1.41421356237
17 08 1.41421356237
17 09 1.41421356237
17 10 2.2360679775
17 11 1.41421356237
17 12 1.41421356237
17 13 1.41421356237
17 14 1.41421356237
17 15 1.41421356237
17 16 1.41421356237
17 17 1.41421356237
17 18 1.41421356237
17 19 1.41421356237
17 20 1.41421356237
17 21 1.41421356237
17 22 2.2360679775
17 23 1.41421356237
17 24 1.41421356237
17 25 1.41421356237
17 26 1.41421356237
17 27 1.41421356237
17 28 1.41421356237
17 29 1.41421356237
17 30 1.41421356237
17 31 1.41421356237
17 32 1.41421356237
17 33 1.41421356237
17 34 1.41421356237
17 35 1.41421356237
17 36 1.41421356237
17 37 1.41421356237
17 38 1.41421356237
17 39 1.41421356237
17 40 2.2360679775
17 41 2.2360679775
17 42 1.0
17 43 2.0
17 44 1.0
17 45 2.0
18 01 2.2360679775
18 02 2.2360679775
18 03 2.2360679775
18 04 2.2360679775
18 05 2.2360679775
18 06 1.41421356237
18 07 1.41421356237
18 08 1.41421356237
18 09 1.41421356237
18 10 1.41421356237
18 11 1.41421356237
18 12 1.41421356237
18 13 1.41421356237
18 14 2.2360679775
18 15 1.41421356237
18 16 1.41421356237
18 17 2.2360679775
18 18 1.41421356237
18 19 1.41421356237
18 20 2.2360679775
18 21 2.2360679775
18 22 2.2360679775
18 23 1.41421356237
18 24 1.41421356237
18 25 2.2360679775
18 26 2.2360679775
18 27 2.2360679775
18 28 2.2360679775
18 29 1.41421356237
18 30 1.41421356237
18 31 1.41421356237
18 32 1.41421356237
18 33 1.41421356237
18 34 2.2360679775
18 35 1.41421356237
18 36 1.41421356237
18 37 2.2360679775
18 38 2.2360679775
18 39 2.2360679775
18 40 2.0
18 41 2.0
18 42 1.0
18 43 1.0
18 44 1.0
18 45 2.0
19 01 2.2360679775
19 02 2.2360679775
19 03 2.2360679775
19 04 2.2360679775
19 05 2.2360679775
19 06 1.41421356237
19 07 1.41421356237
19 08 1.41421356237
19 09 2.2360679775
19 10 1.41421356237
19 11 2.2360679775
19 12 2.2360679775
19 13 2.2360679775
19 14 2.2360679775
19 15 2.2360679775
19 16 1.41421356237
19 17 1.41421356237
19 18 1.0
19 19 2.2360679775
19 20 2.2360679775
19 21 2.2360679775
19 22 2.2360679775
19 23 1.41421356237
19 24 1.41421356237
19 25 2.2360679775
19 26 2.2360679775
19 27 2.2360679775
19 28 2.2360679775
19 29 1.41421356237
19 30 1.41421356237
19 31 1.41421356237
19 32 2.2360679775
19 33 2.2360679775
19 34 2.2360679775
19 35 2.2360679775
19 36 2.2360679775
19 37 1.41421356237
19 38 2.2360679775
19 39 2.2360679775
19 40 2.0
19 41 2.0
19 42 2.0
19 43 2.0
19 44 2.2360679775
19 45 2.0
20 01 2.2360679775
20 02 2.2360679775
20 03 2.2360679775
20 04 2.2360679775
20 05 2.2360679775
20 06 2.2360679775
20 07 2.2360679775
20 08 2.2360679775
20 09 2.2360679775
20 10 1.41421356237
20 11 2.2360679775
20 12 2.2360679775
20 13 2.2360679775
20 14 2.2360679775
20 15 2.2360679775
20 16 1.41421356237
20 17 1.41421356237
20 18 1.0
20 19 1.0
20 20 1.41421356237
20 21 1.41421356237
20 22 1.41421356237
20 23 1.41421356237
20 24 1.41421356237
20 25 2.2360679775
20 26 2.2360679775
20 27 2.2360679775
20 28 2.2360679775
20 29 1.41421356237
20 30 1.41421356237
20 31 1.41421356237
20 32 2.2360679775
20 33 2.2360679775
20 34 2.2360679775
20 35 2.2360679775
20 36 1.41421356237
20 37 1.41421356237
20 38 2.2360679775
20 39 1.0
20 40 2.0
20 41 1.0
20 42 2.0
20 43 2.0
20 44 2.0
20 45 2.0
21 01 2.2360679775
21 02 2.2360679775
21 03 2.2360679775
21 04 2.2360679775
21 05 2.2360679775
21 06 2.2360679775
21 07 2.2360679775
21 08 2.2360679775
21 09 1.41421356237
21 10 2.2360679775
21 11 2.2360679775
21 12 1.0
21 13 2.2360679775
21 14 2.2360679775
21 15 2.2360679775
21 16 2.2360679775
21 17 2.2360679775
21 18 1.41421356237
21 19 1.41421356237
21 20 1.41421356237
21 21 1.41421356237
21 22 1.41421356237
21 23 1.41421356237
21 24 1.41421356237
21 25 2.2360679775
21 26 2.2360679775
21 27 2.2360679775
21 28 2.2360679775
21 29 2.2360679775
21 30 2.2360679775
21 31 2.2360679775
21 32 1.41421356237
21 33 2.2360679775
21 34 2.2360679775
21 35 2.2360679775
21 36 2.0
21 37 2.0
21 38 2.0
21 39 1.0
21 40 2.0
21 41 1.0
21 42 2.0
21 43 2.0
21 44 2.0
21 45 2.0
22 01 2.2360679775
22 02 2.2360679775
22 03 2.2360679775
22 04 2.0
22 05 2.2360679775
22 06 2.0
22 07 2.0
22 08 2.0
22 09 1.41421356237
22 10 1.41421356237
22 11 2.2360679775
22 12 2.2360679775
22 13 2.2360679775
22 14 2.0
22 15 2.0
22 16 2.0
22 17 2.2360679775
22 18 2.2360679775
22 19 1.41421356237
22 20 1.41421356237
22 21 1.41421356237
22 22 1.41421356237
22 23 1.41421356237
22 24 1.41421356237
22 25 1.41421356237
22 26 1.41421356237
22 27 2.2360679775
22 28 2.2360679775
22 29 2.2360679775
22 30 1.41421356237
22 31 2.2360679775
22 32 2.0
22 33 2.0
22 34 2.2360679775
22 35 2.2360679775
22 36 2.0
22 37 2.0
22 38 2.0
22 39 1.0
22 40 2.0
22 41 1.0
22 42 2.0
22 43 2.0
22 44 2.0
22 45 2.0
23 01 2.0
23 02 2.0
23 03 2.0
23 04 2.0
23 05 2.0
23 06 2.0
23 07 2.0
23 08 2.0
23 09 2.0
23 10 2.0
23 11 2.2360679775
23 12 2.2360679775
23 13 2.0
23 14 2.0
23 15 2.0
23 16 2.0
23 17 2.0
23 18 2.0
23 19 2.0
23 20 1.0
23 21 2.0
23 22 1.0
23 23 2.2360679775
23 24 2.2360679775
23 25 1.41421356237
23 26 2.2360679775
23 27 2.2360679775
23 28 2.2360679775
23 29 2.0
23 30 2.0
23 31 2.0
23 32 2.0
23 33 2.2360679775
23 34 2.2360679775
23 35 2.2360679775
23 36 1.41421356237
23 37 2.2360679775
23 38 2.0
23 39 1.0
23 40 2.0
23 41 1.0
23 42 2.0
23 43 2.0
23 44 2.0
23 45 2.0
24 01 2.0
24 02 2.0
24 03 2.0
24 04 2.0
24 05 2.0
24 06 2.0
24 07 2.0
24 08 2.0
24 09 2.0
24 10 2.0
24 11 2.0
24 12 2.0
24 13 2.0
24 14 2.0
24 15 2.0
24 16 2.0
24 17 1.0
24 18 2.2360679775
24 19 1.0
24 20 1.0
24 21 1.0
24 22 1.0
24 23 2.0
24 24 1.0
24 25 2.0
24 26 2.2360679775
24 27 2.2360679775
24 28 2.2360679775
24 29 2.0
24 30 2.0
24 31 2.0
24 32 1.0
24 33 1.41421356237
24 34 1.41421356237
24 35 1.41421356237
24 36 1.41421356237
24 37 1.41421356237
24 38 2.0
24 39 1.0
24 40 1.0
24 41 2.0
24 42 2.0
24 43 2.0
24 44 2.0
24 45 2.0
25 01 2.0
25 02 2.0
25 03 2.0
25 04 2.0
25 05 2.0
25 06 2.0
25 07 2.0
25 08 2.0
25 09 2.0
25 10 2.0
25 11 2.0
25 12 2.0
25 13 2.0
25 14 2.0
25 15 2.0
25 16 2.2360679775
25 17 2.0
25 18 1.0
25 19 1.0
25 20 1.0
25 21 1.0
25 22 1.0
25 23 1.41421356237
25 24 2.0
25 25 2.2360679775
25 26 1.41421356237
25 27 2.2360679775
25 28 2.0
25 29 2.0
25 30 2.0
25 31 1.0
25 32 1.41421356237
25 33 1.41421356237
25 34 1.41421356237
25 35 1.41421356237
25 36 1.41421356237
25 37 1.41421356237
25 38 1.0
25 39 1.0
25 40 1.0
25 41 2.0
25 42 2.0
25 43 2.0
25 44 2.0
25 45 2.0
26 01 2.2360679775
26 02 2.0
26 03 2.0
26 04 2.0
26 05 2.0
26 06 2.0
26 07 2.2360679775
26 08 2.0
26 09 2.0
26 10 2.0
26 11 2.0
26 12 2.0
26 13 2.2360679775
26 14 2.2360679775
26 15 2.2360679775
26 16 2.2360679775
26 17 1.41421356237
26 18 1.41421356237
26 19 1.41421356237
26 20 1.41421356237
26 21 1.41421356237
26 22 1.41421356237
26 23 1.0
26 24 1.0
26 25 1.0
26 26 1.41421356237
26 27 1.41421356237
26 28 2.0
26 29 2.0
26 30 1.41421356237
26 31 1.41421356237
26 32 1.41421356237
26 33 1.41421356237
26 34 1.41421356237
26 35 1.41421356237
26 36 1.41421356237
26 37 2.2360679775
26 38 2.0
26 39 1.0
26 40 2.0
26 41 2.0
26 42 2.0
26 43 2.0
26 44 2.0
26 45 2.0
27 01 2.2360679775
27 02 2.2360679775
27 03 2.2360679775
27 04 2.2360679775
27 05 2.2360679775
27 06 2.2360679775
27 07 2.2360679775
27 08 2.2360679775
27 09 2.2360679775
27 10 2.2360679775
27 11 2.2360679775
27 12 1.41421356237
27 13 1.41421356237
27 14 2.2360679775
27 15 2.2360679775
27 16 2.2360679775
27 17 1.41421356237
27 18 1.41421356237
27 19 1.41421356237
27 20 1.41421356237
27 21 1.41421356237
27 22 1.41421356237
27 23 1.41421356237
27 24 1.41421356237
27 25 1.41421356237
27 26 1.41421356237
27 27 1.41421356237
27 28 1.0
27 29 1.0
27 30 1.41421356237
27 31 1.41421356237
27 32 1.41421356237
27 33 1.41421356237
27 34 1.41421356237
27 35 1.41421356237
27 36 1.41421356237
27 37 1.41421356237
27 38 1.41421356237
27 39 1.41421356237
27 40 1.41421356237
27 41 2.0
27 42 2.0
27 43 2.0
27 44 1.0
27 45 2.0
28 01 2.2360679775
28 02 2.2360679775
28 03 2.2360679775
28 04 2.2360679775
28 05 1.0
28 06 2.2360679775
28 07 2.2360679775
28 08 2.2360679775
28 09 2.2360679775
28 10 2.2360679775
28 11 2.2360679775
28 12 1.41421356237
28 13 1.41421356237
28 14 2.2360679775
28 15 2.2360679775
28 16 2.2360679775
28 17 2.2360679775
28 18 2.2360679775
28 19 2.2360679775
28 20 1.41421356237
28 21 1.41421356237
28 22 1.41421356237
28 23 1.41421356237
28 24 1.41421356237
28 25 1.41421356237
28 26 1.41421356237
28 27 1.41421356237
28 28 2.0
28 29 1.41421356237
28 30 1.41421356237
28 31 1.41421356237
28 32 1.41421356237
28 33 1.41421356237
28 34 1.41421356237
28 35 1.41421356237
28 36 1.41421356237
28 37 1.41421356237
28 38 2.0
28 39 1.0
28 40 1.0
28 41 2.2360679775
28 42 1.0
28 43 1.0
28 44 1.0
28 45 2.0
29 01 2.2360679775
29 02 2.2360679775
29 03 2.2360679775
29 04 2.2360679775
29 05 2.2360679775
29 06 2.2360679775
29 07 2.2360679775
29 08 2.2360679775
29 09 2.2360679775
29 10 2.2360679775
29 11 2.2360679775
29 12 2.2360679775
29 13 2.2360679775
29 14 2.82842712475
29 15 2.82842712475
29 16 2.2360679775
29 17 2.2360679775
29 18 2.2360679775
29 19 2.2360679775
29 20 1.41421356237
29 21 1.41421356237
29 22 1.41421356237
29 23 1.41421356237
29 24 1.41421356237
29 25 1.41421356237
29 26 1.41421356237
29 27 1.41421356237
29 28 1.0
29 29 1.41421356237
29 30 1.41421356237
29 31 1.41421356237
29 32 1.41421356237
29 33 1.41421356237
29 34 1.41421356237
29 35 1.41421356237
29 36 2.2360679775
29 37 2.2360679775
29 38 1.41421356237
29 39 1.41421356237
29 40 1.0
29 41 1.0
29 42 1.0
29 43 1.0
29 44 1.0
29 45 1.0
30 01 2.2360679775
30 02 2.2360679775
30 03 2.2360679775
30 04 2.2360679775
30 05 2.2360679775
30 06 2.2360679775
30 07 2.2360679775
30 08 2.2360679775
30 09 2.2360679775
30 10 2.2360679775
30 11 1.41421356237
30 12 2.2360679775
30 13 2.2360679775
30 14 2.2360679775
30 15 2.82842712475
30 16 2.82842712475
30 17 2.2360679775
30 18 2.2360679775
30 19 2.2360679775
30 20 2.2360679775
30 21 1.41421356237
30 22 1.41421356237
30 23 2.2360679775
30 24 1.41421356237
30 25 2.2360679775
30 26 1.41421356237
30 27 1.41421356237
30 28 1.41421356237
30 29 2.2360679775
30 30 1.41421356237
30 31 1.41421356237
30 32 2.2360679775
30 33 1.41421356237
30 34 1.41421356237
30 35 1.41421356237
30 36 1.41421356237
30 37 1.41421356237
30 38 1.41421356237
30 39 1.41421356237
30 40 1.0
30 41 1.0
30 42 1.0
30 43 1.0
30 44 1.0
30 45 1.0
31 01 2.2360679775
31 02 2.2360679775
31 03 2.2360679775
31 04 2.2360679775
31 05 1.41421356237
31 06 2.2360679775
31 07 2.2360679775
31 08 2.2360679775
31 09 2.2360679775
31 10 2.2360679775
31 11 2.2360679775
31 12 1.41421356237
31 13 1.41421356237
31 14 1.41421356237
31 15 2.82842712475
31 16 2.82842712475
31 17 2.2360679775
31 18 2.2360679775
31 19 1.41421356237
31 20 2.2360679775
31 21 2.2360679775
31 22 2.2360679775
31 23 2.2360679775
31 24 2.2360679775
31 25 2.2360679775
31 26 2.2360679775
31 27 1.41421356237
31 28 1.0
31 29 1.41421356237
31 30 2.2360679775
31 31 2.2360679775
31 32 1.41421356237
31 33 1.41421356237
31 34 1.41421356237
31 35 1.41421356237
31 36 1.41421356237
31 37 1.41421356237
31 38 1.41421356237
31 39 2.2360679775
31 40 2.2360679775
31 41 2.2360679775
31 42 1.41421356237
31 43 1.0
31 44 1.41421356237
31 45 1.41421356237
32 01 2.2360679775
32 02 1.41421356237
32 03 2.2360679775
32 04 2.2360679775
32 05 2.2360679775
32 06 1.41421356237
32 07 2.2360679775
32 08 1.41421356237
32 09 2.2360679775
32 10 1.41421356237
32 11 1.41421356237
32 12 1.41421356237
32 13 1.41421356237
32 14 1.41421356237
32 15 1.41421356237
32 16 2.2360679775
32 17 2.2360679775
32 18 2.2360679775
32 19 2.2360679775
32 20 2.2360679775
32 21 2.2360679775
32 22 2.2360679775
32 23 2.2360679775
32 24 2.2360679775
32 25 1.0
32 26 1.41421356237
32 27 1.41421356237
32 28 1.0
32 29 1.0
32 30 1.41421356237
32 31 1.41421356237
32 32 1.41421356237
32 33 2.2360679775
32 34 2.2360679775
32 35 1.41421356237
32 36 1.41421356237
32 37 1.41421356237
32 38 1.41421356237
32 39 1.41421356237
32 40 2.2360679775
32 41 1.41421356237
32 42 1.41421356237
32 43 1.41421356237
32 44 1.41421356237
32 45 2.2360679775
33 01 2.2360679775
33 02 1.41421356237
33 03 1.41421356237
33 04 1.41421356237
33 05 2.2360679775
33 06 1.41421356237
33 07 1.41421356237
33 08 1.41421356237
33 09 1.41421356237
33 10 1.41421356237
33 11 1.41421356237
33 12 1.41421356237
33 13 1.41421356237
33 14 1.41421356237
33 15 2.2360679775
33 16 2.2360679775
33 17 2.2360679775
33 18 1.0
33 19 1.41421356237
33 20 2.2360679775
33 21 2.2360679775
33 22 2.2360679775
33 23 2.2360679775
33 24 2.2360679775
33 25 2.0
33 26 1.0
33 27 2.2360679775
33 28 2.2360679775
33 29 1.41421356237
33 30 1.41421356237
33 31 1.41421356237
33 32 1.41421356237
33 33 2.2360679775
33 34 2.2360679775
33 35 2.2360679775
33 36 1.41421356237
33 37 1.41421356237
33 38 1.41421356237
33 39 1.41421356237
33 40 1.41421356237
33 41 1.41421356237
33 42 1.41421356237
33 43 2.2360679775
33 44 2.2360679775
33 45 1.41421356237
34 01 2.2360679775
34 02 1.41421356237
34 03 1.41421356237
34 04 1.41421356237
34 05 2.2360679775
34 06 1.41421356237
34 07 1.41421356237
34 08 1.41421356237
34 09 1.41421356237
34 10 1.41421356237
34 11 1.41421356237
34 12 1.41421356237
34 13 1.41421356237
34 14 1.41421356237
34 15 2.2360679775
34 16 2.2360679775
34 17 2.2360679775
34 18 2.2360679775
34 19 2.0
34 20 2.2360679775
34 21 2.2360679775
34 22 2.2360679775
34 23 2.2360679775
34 24 2.2360679775
34 25 2.2360679775
34 26 2.0
34 27 1.0
34 28 1.41421356237
34 29 1.41421356237
34 30 1.41421356237
34 31 2.2360679775
34 32 2.2360679775
34 33 2.2360679775
34 34 2.2360679775
34 35 2.2360679775
34 36 1.41421356237
34 37 1.41421356237
34 38 1.41421356237
34 39 1.41421356237
34 40 1.41421356237
34 41 1.41421356237
34 42 1.41421356237
34 43 1.0
34 44 2.2360679775
34 45 1.0
35 01 2.2360679775
35 02 1.41421356237
35 03 1.41421356237
35 04 1.41421356237
35 05 1.41421356237
35 06 1.41421356237
35 07 1.41421356237
35 08 1.41421356237
35 09 1.41421356237
35 10 1.41421356237
35 11 1.41421356237
35 12 1.41421356237
35 13 1.41421356237
35 14 1.41421356237
35 15 2.2360679775
35 16 2.2360679775
35 17 2.2360679775
35 18 1.41421356237
35 19 1.41421356237
35 20 2.2360679775
35 21 2.2360679775
35 22 2.2360679775
35 23 2.2360679775
35 24 2.2360679775
35 25 2.2360679775
35 26 2.2360679775
35 27 2.2360679775
35 28 2.2360679775
35 29 1.41421356237
35 30 1.41421356237
35 31 1.41421356237
35 32 1.41421356237
35 33 1.41421356237
35 34 1.41421356237
35 35 1.41421356237
35 36 1.41421356237
35 37 1.41421356237
35 38 1.41421356237
35 39 1.41421356237
35 40 1.41421356237
35 41 1.41421356237
35 42 1.41421356237
35 43 1.0
35 44 1.41421356237
35 45 1.0
36 01 1.41421356237
36 02 1.41421356237
36 03 1.41421356237
36 04 1.41421356237
36 05 1.41421356237
36 06 1.41421356237
36 07 1.41421356237
36 08 1.41421356237
36 09 1.41421356237
36 10 1.41421356237
36 11 1.41421356237
36 12 1.41421356237
36 13 1.41421356237
36 14 1.41421356237
36 15 1.0
36 16 2.2360679775
36 17 2.2360679775
36 18 2.0
36 19 1.41421356237
36 20 1.41421356237
36 21 2.2360679775
36 22 2.2360679775
36 23 2.2360679775
36 24 2.2360679775
36 25 2.2360679775
36 26 2.2360679775
36 27 2.2360679775
36 28 2.2360679775
36 29 2.2360679775
36 30 2.2360679775
36 31 1.41421356237
36 32 1.41421356237
36 33 1.41421356237
36 34 1.41421356237
36 35 1.41421356237
36 36 1.41421356237
36 37 1.41421356237
36 38 1.0
36 39 1.41421356237
36 40 1.0
36 41 1.0
36 42 2.2360679775
36 43 1.0
36 44 1.0
36 45 1.0
37 01 1.41421356237
37 02 1.0
37 03 1.0
37 04 1.41421356237
37 05 1.41421356237
37 06 1.41421356237
37 07 1.41421356237
37 08 1.41421356237
37 09 1.41421356237
37 10 1.41421356237
37 11 1.41421356237
37 12 1.41421356237
37 13 1.41421356237
37 14 1.41421356237
37 15 1.0
37 16 1.0
37 17 2.2360679775
37 18 2.2360679775
37 19 2.2360679775
37 20 2.2360679775
37 21 2.2360679775
37 22 2.2360679775
37 23 1.41421356237
37 24 1.41421356237
37 25 2.2360679775
37 26 1.41421356237
37 27 1.41421356237
37 28 1.41421356237
37 29 2.2360679775
37 30 2.2360679775
37 31 2.2360679775
37 32 2.2360679775
37 33 1.41421356237
37 34 1.41421356237
37 35 1.0
37 36 1.0
37 37 1.41421356237
37 38 1.0
37 39 1.0
37 40 1.0
37 41 0
37 42 0
37 43 0
37 44 0
37 45 0
38 01 1.0
38 02 1.0
38 03 1.0
38 04 1.0
38 05 1.41421356237
38 06 1.41421356237
38 07 1.41421356237
38 08 1.41421356237
38 09 1.0
38 10 2.2360679775
38 11 2.2360679775
38 12 1.41421356237
38 13 1.41421356237
38 14 1.41421356237
38 15 2.2360679775
38 16 2.2360679775
38 17 2.2360679775
38 18 2.2360679775
38 19 2.2360679775
38 20 2.2360679775
38 21 2.2360679775
38 22 2.2360679775
38 23 2.2360679775
38 24 2.2360679775
38 25 1.41421356237
38 26 1.41421356237
38 27 1.41421356237
38 28 2.2360679775
38 29 1.0
38 30 2.2360679775
38 31 2.2360679775
38 32 2.2360679775
38 33 1.0
38 34 1.0
38 35 1.0
38 36 1.41421356237
38 37 1.0
38 38 1.0
38 39 0
38 40 0
38 41 0
38 42 0
38 43 0
38 44 0
38 45 0
39 01 0
39 02 0
39 03 0
39 04 0
39 05 1.41421356237
39 06 1.41421356237
39 07 1.0
39 08 1.41421356237
39 09 1.41421356237
39 10 1.0
39 11 1.0
39 12 1.41421356237
39 13 1.41421356237
39 14 1.41421356237
39 15 2.2360679775
39 16 2.2360679775
39 17 1.0
39 18 2.2360679775
39 19 2.2360679775
39 20 2.2360679775
39 21 1.41421356237
39 22 1.0
39 23 1.41421356237
39 24 1.41421356237
39 25 1.0
39 26 1.0
39 27 1.41421356237
39 28 1.0
39 29 1.0
39 30 1.41421356237
39 31 1.0
39 32 1.0
39 33 1.0
39 34 0
39 35 0
39 36 0
39 37 0
39 38 0
39 39 0
39 40 0
39 41 0
39 42 0
39 43 0
39 44 0
39 45 0
40 01 0
40 02 0
40 03 0
40 04 0
40 05 0
40 06 0
40 07 0
40 08 1.0
40 09 1.0
40 10 1.0
40 11 1.0
40 12 1.0
40 13 1.0
40 14 1.0
40 15 1.0
40 16 1.0
40 17 1.0
40 18 2.2360679775
40 19 1.41421356237
40 20 1.0
40 21 2.2360679775
40 22 2.2360679775
40 23 1.41421356237
40 24 1.0
40 25 1.0
40 26 1.0
40 27 1.0
40 28 0
40 29 1.0
40 30 1.0
40 31 0
40 32 0
40 33 0
40 34 0
40 35 0
40 36 0
40 37 0
40 38 0
40 39 0
40 40 0
40 41 0
40 42 0
40 43 0
40 44 0
40 45 0
41 01 0
41 02 0
41 03 0
41 04 0
41 05 0
41 06 0
41 07 0
41 08 0
41 09 0
41 10 0
41 11 0
41 12 0
41 13 1.0
41 14 1.0
41 15 1.0
41 16 1.0
41 17 1.0
41 18 1.0
41 19 1.0
41 20 1.0
41 21 1.0
41 22 1.0
41 23 1.0
41 24 0
41 25 0
41 26 0
41 27 0
41 28 0
41 29 0
41 30 0
41 31 0
41 32 0
41 33 0
41 34 0
41 35 0
41 36 0
41 37 0
41 38 0
41 39 0
41 40 0
41 41 0
41 42 0
41 43 0
41 44 0
41 45 0
42 01 0
42 02 0
42 03 0
42 04 0
42 05 0
42 06 0
42 07 0
42 08 0
42 09 0
42 10 0
42 11 0
42 12 0
42 13 0
42 14 0
42 15 0
42 16 0
42 17 0
42 18 0
42 19 0
42 20 0
42 21 0
42 22 0
42 23 0
42 24 0
42 25 0
42 26 0
42 27 0
42 28 0
42 29 0
42 30 0
42 31 0
42 32 0
42 33 0
42 34 0
42 35 0
42 36 0
42 37 0
42 38 0
42 39 0
42 40 0
42 41 0
42 42 0
42 43 0
42 44 0
42 45 0
43 01 0
43 02 0
43 03 0
43 04 0
43 05 0
43 06 0
43 07 0
43 08 0
43 09 0
43 10 0
43 11 0
43 12 0
43 13 0
43 14 0
43 15 0
43 16 0
43 17 0
43 18 0
43 19 0
43 20 0
43 21 0
43 22 1.0
43 23 1.0
43 24 0
43 25 0
43 26 0
43 27 0
43 28 0
43 29 0
43 30 0
43 31 0
43 32 0
43 33 0
43 34 0
43 35 0
43 36 0
43 37 0
43 38 0
43 39 0
43 40 0
43 41 0
43 42 0
43 43 0
43 44 0
43 45 0
44 01 0
44 02 0
44 03 0
44 04 0
44 05 0
44 06 0
44 07 0
44 08 0
44 09 0
44 10 0
44 11 0
44 12 0
44 13 0
44 14 0
44 15 0
44 16 0
44 17 0
44 18 0
44 19 0
44 20 0
44 21 0
44 22 1.0
44 23 1.0
44 24 0
44 25 0
44 26 0
44 27 0
44 28 0
44 29 0
44 30 0
44 31 0
44 32 0
44 33 0
44 34 0
44 35 0
44 36 0
44 37 0
44 38 0
44 39 0
44 40 0
44 41 0
44 42 0
44 43 0
44 44 0
44 45 0
45 01 0
45 02 0
45 03 0
45 04 0
45 05 0
45 06 0
45 07 0
45 08 0
45 09 0
45 10 0
45 11 0
45 12 0
45 13 0
45 14 0
45 15 0
45 16 0
45 17 0
45 18 0
45 19 0
45 20 0
45 21 0
45 22 0
45 23 0
45 24 0
45 25 0
45 26 0
45 27 0
45 28 0
45 29 0
45 30 0
45 31 0
45 32 0
45 33 0
45 34 0
45 35 0
45 36 0
45 37 0
45 38 0
45 39 0
45 40 0
45 41 0
45 42 0
45 43 0
45 44 0
45 45 0
