01 01 0
01 02 0
01 03 0
01 04 0
01 05 0
01 06 0
01 07 0
01 08 0
01 09 0
01 10 0
01 11 0
01 12 0
01 13 0
01 14 0
01 15 0
01 16 0
01 17 0
01 18 0
01 19 0
01 20 0
01 21 0
01 22 0
01 23 0
01 24 0
01 25 0
01 26 0
01 27 0
01 28 0
01 29 0
01 30 0
01 31 0
01 32 0
01 33 0
01 34 0
01 35 0
01 36 0
01 37 0
01 38 0
01 39 0
01 40 0
01 41 0
01 42 0
01 43 0
01 44 0
01 45 0
02 01 0
02 02 0
02 03 0
02 04 0
02 05 0
02 06 0
02 07 0
02 08 0
02 09 0
02 10 0
02 11 0
02 12 0
02 13 0
02 14 0
02 15 0
02 16 0
02 17 0
02 18 0
02 19 0
02 20 0
02 21 0
02 22 0
02 23 0
02 24 0
02 25 0
02 26 0
02 27 0
02 28 0
02 29 0
02 30 0
02 31 0
02 32 0
02 33 0
02 34 0
02 35 0
02 36 0
02 37 0
02 38 0
02 39 0
02 40 0
02 41 0
02 42 0
02 43 0
02 44 0
02 45 0
03 01 0
03 02 0
03 03 0
03 04 0
03 05 0
03 06 0
03 07 0
03 08 0
03 09 0
03 10 0
03 11 0
03 12 0
03 13 0
03 14 0
03 15 0
03 16 0
03 17 0
03 18 0
03 19 0
03 20 0
03 21 0
03 22 0
03 23 0
03 24 0
03 25 0
03 26 0
03 27 0
03 28 0
03 29 0
03 30 0
03 31 0
03 32 0
03 33 0
03 34 0
03 35 0
03 36 0
03 37 0
03 38 0
03 39 0
03 40 0
03 41 0
03 42 0
03 43 0
03 44 0
03 45 0
04 01 0
04 02 0
04 03 0
04 04 0
04 05 0
04 06 0
04 07 0
04 08 0
04 09 0
04 10 0
04 11 0
04 12 0
04 13 0
04 14 0
04 15 0
04 16 0
04 17 0
04 18 0
04 19 0
04 20 0
04 21 0
04 22 0
04 23 0
04 24 0
04 25 0
04 26 0
04 27 0
04 28 0
04 29 0
04 30 0
04 31 0
04 32 0
04 33 0
04 34 0
04 35 0
04 36 0
04 37 0
04 38 0
04 39 0
04 40 0
04 41 0
04 42 0
04 43 0
04 44 0
04 45 0
05 01 0
05 02 0
05 03 0
05 04 0
05 05 0
05 06 0
05 07 0
05 08 0
05 09 0
05 10 0
05 11 0
05 12 0
05 13 0
05 14 0
05 15 0
05 16 0
05 17 0
05 18 0
05 19 0
05 20 0
05 21 0
05 22 0
05 23 0
05 24 0
05 25 0
05 26 0
05 27 0
05 28 0
05 29 0
05 30 0
05 31 0
05 32 0
05 33 0
05 34 0
05 35 0
05 36 0
05 37 0
05 38 0
05 39 0
05 40 0
05 41 0
05 42 0
05 43 0
05 44 0
05 45 0
06 01 0
06 02 0
06 03 0
06 04 0
06 05 0
06 06 0
06 07 0
06 08 0
06 09 0
06 10 0
06 11 0
06 12 0
06 13 0
06 14 0
06 15 0
06 16 0
06 17 0
06 18 0
06 19 0
06 20 0
06 21 0
06 22 0
06 23 0
06 24 0
06 25 0
06 26 0
06 27 0
06 28 0
06 29 0
06 30 0
06 31 0
06 32 0
06 33 0
06 34 0
06 35 0
06 36 0
06 37 0
06 38 0
06 39 0
06 40 0
06 41 0
06 42 0
06 43 0
06 44 0
06 45 0
07 01 0
07 02 0
07 03 0
07 04 0
07 05 0
07 06 0
07 07 0
07 08 0
07 09 0
07 10 0
07 11 0
07 12 0
07 13 0
07 14 0
07 15 0
07 16 0
07 17 0
07 18 0
07 19 0
07 20 0
07 21 0
07 22 0
07 23 0
07 24 0
07 25 0
07 26 0
07 27 0
07 28 0
07 29 0
07 30 0
07 31 0
07 32 0
07 33 0
07 34 0
07 35 0
07 36 0
07 37 0
07 38 0
07 39 0
07 40 0
07 41 0
07 42 0
07 43 0
07 44 0
07 45 0
08 01 0
08 02 0
08 03 0
08 04 0
08 05 0
08 06 0
08 07 0
08 08 0
08 09 0
08 10 0
08 11 0
08 12 0
08 13 0
08 14 0
08 15 0
08 16 0
08 17 0
08 18 0
08 19 0
08 20 1.0
08 21 1.0
08 22 0
08 23 0
08 24 0
08 25 0
08 26 0
08 27 0
08 28 0
08 29 0
08 30 0
08 31 0
08 32 0
08 33 0
08 34 0
08 35 0
08 36 0
08 37 0
08 38 0
08 39 0
08 40 0
08 41 0
08 42 0
08 43 0
08 44 0
08 45 0
09 01 0
09 02 0
09 03 0
09 04 0
09 05 0
09 06 0
09 07 0
09 08 0
09 09 0
09 10 0
09 11 0
09 12 0
09 13 0
09 14 0
09 15 0
09 16 0
09 17 0
09 18 0
09 19 0
09 20 1.0
09 21 0
09 22 0
09 23 1.0
09 24 1.0
09 25 1.0
09 26 1.0
09 27 1.0
09 28 1.0
09 29 1.0
09 30 1.0
09 31 1.0
09 32 1.0
09 33 1.0
09 34 1.0
09 35 1.0
09 36 1.41421356237
09 37 1.0
09 38 1.0
09 39 1.0
09 40 1.0
09 41 1.0
09 42 0
09 43 0
09 44 0
09 45 0
10 01 0
10 02 0
10 03 0
10 04 0
10 05 0
10 06 0
10 07 0
10 08 0
10 09 0
10 10 0
10 11 0
10 12 0
10 13 0
10 14 0
10 15 0
10 16 0
10 17 0
10 18 1.0
10 19 1.0
10 20 1.0
10 21 1.41421356237
10 22 1.41421356237
10 23 1.41421356237
10 24 1.41421356237
10 25 1.41421356237
10 26 1.41421356237
10 27 1.41421356237
10 28 1.41421356237
10 29 1.41421356237
10 30 1.41421356237
10 31 1.41421356237
10 32 1.41421356237
10 33 1.41421356237
10 34 1.41421356237
10 35 1.41421356237
10 36 1.41421356237
10 37 1.0
10 38 1.41421356237
10 39 1.41421356237
10 40 1.0
10 41 1.0
10 42 1.41421356237
10 43 1.0
10 44 1.0
10 45 1.41421356237
11 01 0
11 02 0
11 03 0
11 04 0
11 05 0
11 06 0
11 07 0
11 08 0
11 09 0
11 10 0
11 11 0
11 12 0
11 13 1.0
11 14 1.41421356237
11 15 1.41421356237
11 16 1.41421356237
11 17 1.41421356237
11 18 1.41421356237
11 19 1.41421356237
11 20 1.41421356237
11 21 1.41421356237
11 22 1.41421356237
11 23 1.41421356237
11 24 1.41421356237
11 25 1.41421356237
11 26 1.41421356237
11 27 1.41421356237
11 28 1.41421356237
11 29 1.41421356237
11 30 1.41421356237
11 31 1.41421356237
11 32 1.41421356237
11 33 1.41421356237
11 34 1.41421356237
11 35 1.41421356237
11 36 1.41421356237
11 37 1.41421356237
11 38 1.41421356237
11 39 1.41421356237
11 40 1.41421356237
11 41 1.41421356237
11 42 1.41421356237
11 43 1.41421356237
11 44 2.2360679775
11 45 1.41421356237
12 01 0
12 02 0
12 03 0
12 04 0
12 05 0
12 06 0
12 07 0
12 08 0
12 09 0
12 10 1.0
12 11 1.0
12 12 1.0
12 13 1.41421356237
12 14 1.41421356237
12 15 1.41421356237
12 16 1.41421356237
12 17 1.41421356237
12 18 1.41421356237
12 19 1.41421356237
12 20 1.41421356237
12 21 1.41421356237
12 22 1.41421356237
12 23 1.41421356237
12 24 1.41421356237
12 25 1.41421356237
12 26 1.41421356237
12 27 1.41421356237
12 28 1.41421356237
12 29 1.41421356237
12 30 1.41421356237
12 31 1.41421356237
12 32 1.41421356237
12 33 1.41421356237
12 34 1.41421356237
12 35 1.41421356237
12 36 1.41421356237
12 37 1.41421356237
12 38 1.41421356237
12 39 1.41421356237
12 40 1.41421356237
12 41 1.41421356237
12 42 2.2360679775
12 43 2.2360679775
12 44 2.2360679775
12 45 1.41421356237
13 01 0
13 02 0
13 03 0
13 04 0
13 05 0
13 06 0
13 07 0
13 08 1.0
13 09 1.0
13 10 1.0
13 11 1.41421356237
13 12 1.41421356237
13 13 1.41421356237
13 14 1.41421356237
13 15 1.41421356237
13 16 1.41421356237
13 17 1.41421356237
13 18 1.41421356237
13 19 1.41421356237
13 20 1.41421356237
13 21 1.41421356237
13 22 1.41421356237
13 23 1.41421356237
13 24 1.41421356237
13 25 1.41421356237
13 26 1.41421356237
13 27 1.41421356237
13 28 1.41421356237
13 29 1.41421356237
13 30 1.41421356237
13 31 1.41421356237
13 32 1.41421356237
13 33 1.41421356237
13 34 1.41421356237
13 35 1.41421356237
13 36 1.41421356237
13 37 1.41421356237
13 38 1.41421356237
13 39 1.41421356237
13 40 1.41421356237
13 41 2.2360679775
13 42 2.2360679775
13 43 2.2360679775
13 44 2.2360679775
13 45 2.2360679775
14 01 0
14 02 0
14 03 0
14 04 0
14 05 1.0
14 06 0
14 07 1.41421356237
14 08 1.41421356237
14 09 1.41421356237
14 10 1.41421356237
14 11 1.41421356237
14 12 1.41421356237
14 13 1.41421356237
14 14 1.41421356237
14 15 1.41421356237
14 16 1.41421356237
14 17 1.41421356237
14 18 1.41421356237
14 19 1.41421356237
14 20 1.41421356237
14 21 1.41421356237
14 22 1.41421356237
14 23 1.41421356237
14 24 1.41421356237
14 25 1.41421356237
14 26 1.41421356237
14 27 1.41421356237
14 28 1.41421356237
14 29 1.41421356237
14 30 1.41421356237
14 31 1.41421356237
14 32 1.41421356237
14 33 1.41421356237
14 34 1.41421356237
14 35 1.41421356237
14 36 1.41421356237
14 37 2.2360679775
14 38 1.0
14 39 1.41421356237
14 40 1.41421356237
14 41 2.2360679775
14 42 2.2360679775
14 43 2.0
14 44 2.0
14 45 2.0
15 01 1.0
15 02 1.0
15 03 0
15 04 1.0
15 05 2.2360679775
15 06 1.0
15 07 1.41421356237
15 08 1.41421356237
15 09 1.41421356237
15 10 1.41421356237
15 11 1.41421356237
15 12 1.41421356237
15 13 1.41421356237
15 14 1.41421356237
15 15 1.41421356237
15 16 1.41421356237
15 17 1.41421356237
15 18 1.41421356237
15 19 1.41421356237
15 20 1.41421356237
15 21 1.41421356237
15 22 1.41421356237
15 23 1.41421356237
15 24 1.41421356237
15 25 1.41421356237
15 26 1.41421356237
15 27 1.41421356237
15 28 1.41421356237
15 29 1.41421356237
15 30 2.2360679775
15 31 1.41421356237
15 32 1.41421356237
15 33 1.41421356237
15 34 1.41421356237
15 35 1.41421356237
15 36 1.41421356237
15 37 2.2360679775
15 38 1.41421356237
15 39 1.41421356237
15 40 2.2360679775
15 41 1.41421356237
15 42 2.2360679775
15 43 1.0
15 44 2.0
15 45 1.0
16 01 1.0
16 02 1.0
16 03 1.0
16 04 1.0
16 05 1.0
16 06 1.41421356237
16 07 1.41421356237
16 08 1.41421356237
16 09 1.41421356237
16 10 1.41421356237
16 11 1.41421356237
16 12 1.41421356237
16 13 1.41421356237
16 14 1.41421356237
16 15 1.41421356237
16 16 1.41421356237
16 17 1.41421356237
16 18 1.41421356237
16 19 1.41421356237
16 20 1.41421356237
16 21 1.41421356237
16 22 1.41421356237
16 23 1.41421356237
16 24 1.41421356237
16 25 1.41421356237
16 26 1.41421356237
16 27 1.41421356237
16 28 1.41421356237
16 29 2.2360679775
16 30 2.2360679775
16 31 2.2360679775
16 32 2.2360679775
16 33 1.41421356237
16 34 1.41421356237
16 35 1.41421356237
16 36 1.41421356237
16 37 1.41421356237
16 38 1.41421356237
16 39 1.41421356237
16 40 2.2360679775
16 41 1.41421356237
16 42 1.41421356237
16 43 1.41421356237
16 44 1.41421356237
16 45 1.0
17 01 0
17 02 0
17 03 1.0
17 04 1.41421356237
17 05 2.2360679775
17 06 1.41421356237
17 07 1.41421356237
17 08 1.41421356237
17 09 1.41421356237
17 10 1.41421356237
17 11 1.41421356237
17 12 1.41421356237
17 13 1.41421356237
17 14 1.41421356237
17 15 1.41421356237
17 16 1.41421356237
17 17 1.41421356237
17 18 1.41421356237
17 19 1.41421356237
17 20 1.41421356237
17 21 1.41421356237
17 22 1.41421356237
17 23 1.41421356237
17 24 1.41421356237
17 25 1.41421356237
17 26 1.41421356237
17 27 1.41421356237
17 28 1.41421356237
17 29 1.41421356237
17 30 1.41421356237
17 31 2.2360679775
17 32 2.2360679775
17 33 2.2360679775
17 34 1.41421356237
17 35 1.41421356237
17 36 1.41421356237
17 37 1.41421356237
17 38 1.41421356237
17 39 1.41421356237
17 40 1.41421356237
17 41 1.41421356237
17 42 1.41421356237
17 43 1.41421356237
17 44 1.41421356237
17 45 1.41421356237
18 01 0
18 02 1.0
18 03 1.41421356237
18 04 1.41421356237
18 05 2.2360679775
18 06 1.41421356237
18 07 1.41421356237
18 08 1.41421356237
18 09 1.41421356237
18 10 1.41421356237
18 11 1.41421356237
18 12 1.41421356237
18 13 1.41421356237
18 14 1.41421356237
18 15 1.41421356237
18 16 1.41421356237
18 17 1.41421356237
18 18 1.41421356237
18 19 1.41421356237
18 20 1.41421356237
18 21 2.2360679775
18 22 2.2360679775
18 23 2.2360679775
18 24 1.41421356237
18 25 1.41421356237
18 26 1.41421356237
18 27 1.41421356237
18 28 1.41421356237
18 29 2.2360679775
18 30 2.2360679775
18 31 2.2360679775
18 32 2.2360679775
18 33 2.2360679775
18 34 2.2360679775
18 35 1.41421356237
18 36 1.41421356237
18 37 1.41421356237
18 38 1.41421356237
18 39 1.41421356237
18 40 1.41421356237
18 41 1.41421356237
18 42 1.41421356237
18 43 1.41421356237
18 44 1.41421356237
18 45 1.41421356237
19 01 1.0
19 02 1.41421356237
19 03 1.41421356237
19 04 1.41421356237
19 05 1.41421356237
19 06 1.41421356237
19 07 1.41421356237
19 08 1.41421356237
19 09 2.2360679775
19 10 1.41421356237
19 11 1.41421356237
19 12 1.41421356237
19 13 1.41421356237
19 14 1.41421356237
19 15 1.41421356237
19 16 1.41421356237
19 17 1.41421356237
19 18 2.2360679775
19 19 2.2360679775
19 20 2.2360679775
19 21 2.2360679775
19 22 2.2360679775
19 23 2.2360679775
19 24 1.41421356237
19 25 1.41421356237
19 26 2.2360679775
19 27 2.2360679775
19 28 2.2360679775
19 29 2.2360679775
19 30 2.2360679775
19 31 2.2360679775
19 32 2.2360679775
19 33 2.2360679775
19 34 2.2360679775
19 35 1.41421356237
19 36 1.41421356237
19 37 1.41421356237
19 38 1.41421356237
19 39 1.41421356237
19 40 1.41421356237
19 41 1.41421356237
19 42 1.41421356237
19 43 1.41421356237
19 44 1.41421356237
19 45 2.2360679775
20 01 1.41421356237
20 02 1.41421356237
20 03 1.41421356237
20 04 1.41421356237
20 05 1.41421356237
20 06 1.41421356237
20 07 1.41421356237
20 08 2.2360679775
20 09 1.0
20 10 1.41421356237
20 11 2.2360679775
20 12 1.41421356237
20 13 1.41421356237
20 14 1.41421356237
20 15 1.41421356237
20 16 1.41421356237
20 17 1.41421356237
20 18 2.2360679775
20 19 2.2360679775
20 20 2.2360679775
20 21 2.2360679775
20 22 2.2360679775
20 23 1.41421356237
20 24 1.41421356237
20 25 2.2360679775
20 26 2.2360679775
20 27 2.2360679775
20 28 2.2360679775
20 29 2.2360679775
20 30 2.2360679775
20 31 2.2360679775
20 32 2.2360679775
20 33 2.2360679775
20 34 1.41421356237
20 35 1.41421356237
20 36 1.41421356237
20 37 1.41421356237
20 38 1.41421356237
20 39 1.41421356237
20 40 1.41421356237
20 41 1.41421356237
20 42 1.41421356237
20 43 2.2360679775
20 44 2.2360679775
20 45 2.2360679775
21 01 1.41421356237
21 02 1.41421356237
21 03 1.41421356237
21 04 1.41421356237
21 05 1.41421356237
21 06 2.2360679775
21 07 2.2360679775
21 08 1.41421356237
21 09 1.41421356237
21 10 1.41421356237
21 11 2.2360679775
21 12 1.41421356237
21 13 2.2360679775
21 14 1.41421356237
21 15 1.41421356237
21 16 1.41421356237
21 17 1.41421356237
21 18 1.41421356237
21 19 2.2360679775
21 20 2.2360679775
21 21 1.41421356237
21 22 2.2360679775
21 23 2.2360679775
21 24 2.2360679775
21 25 2.2360679775
21 26 2.2360679775
21 27 2.2360679775
21 28 2.2360679775
21 29 2.2360679775
21 30 2.2360679775
21 31 2.2360679775
21 32 1.41421356237
21 33 1.41421356237
21 34 1.41421356237
21 35 1.41421356237
21 36 1.41421356237
21 37 1.41421356237
21 38 1.41421356237
21 39 1.41421356237
21 40 1.41421356237
21 41 1.41421356237
21 42 1.41421356237
21 43 2.2360679775
21 44 2.2360679775
21 45 2.2360679775
22 01 1.0
22 02 1.41421356237
22 03 1.41421356237
22 04 1.41421356237
22 05 2.2360679775
22 06 2.2360679775
22 07 1.41421356237
22 08 2.2360679775
22 09 2.2360679775
22 10 1.41421356237
22 11 2.2360679775
22 12 1.41421356237
22 13 1.41421356237
22 14 1.41421356237
22 15 1.41421356237
22 16 1.0
22 17 1.41421356237
22 18 1.41421356237
22 19 1.41421356237
22 20 1.41421356237
22 21 2.2360679775
22 22 2.2360679775
22 23 2.2360679775
22 24 2.2360679775
22 25 2.2360679775
22 26 2.2360679775
22 27 2.2360679775
22 28 2.2360679775
22 29 2.2360679775
22 30 2.2360679775
22 31 2.2360679775
22 32 1.41421356237
22 33 1.41421356237
22 34 1.41421356237
22 35 1.41421356237
22 36 1.41421356237
22 37 1.41421356237
22 38 1.41421356237
22 39 1.41421356237
22 40 1.41421356237
22 41 1.41421356237
22 42 1.41421356237
22 43 2.2360679775
22 44 2.2360679775
22 45 2.2360679775
23 01 1.41421356237
23 02 1.41421356237
23 03 2.2360679775
23 04 2.2360679775
23 05 2.2360679775
23 06 2.2360679775
23 07 1.41421356237
23 08 2.2360679775
23 09 2.2360679775
23 10 2.2360679775
23 11 2.2360679775
23 12 1.41421356237
23 13 1.41421356237
23 14 1.41421356237
23 15 1.41421356237
23 16 2.2360679775
23 17 1.41421356237
23 18 1.41421356237
23 19 1.41421356237
23 20 1.41421356237
23 21 2.2360679775
23 22 2.2360679775
23 23 2.2360679775
23 24 2.2360679775
23 25 2.2360679775
23 26 1.41421356237
23 27 1.41421356237
23 28 1.41421356237
23 29 1.41421356237
23 30 1.41421356237
23 31 1.41421356237
23 32 1.41421356237
23 33 2.2360679775
23 34 2.2360679775
23 35 2.2360679775
23 36 1.41421356237
23 37 1.41421356237
23 38 1.41421356237
23 39 1.41421356237
23 40 1.41421356237
23 41 1.41421356237
23 42 1.41421356237
23 43 1.41421356237
23 44 1.41421356237
23 45 2.2360679775
24 01 2.2360679775
24 02 1.41421356237
24 03 2.2360679775
24 04 1.41421356237
24 05 2.2360679775
24 06 2.2360679775
24 07 2.2360679775
24 08 2.2360679775
24 09 2.2360679775
24 10 2.2360679775
24 11 2.2360679775
24 12 1.41421356237
24 13 1.41421356237
24 14 1.41421356237
24 15 1.41421356237
24 16 1.41421356237
24 17 1.41421356237
24 18 1.41421356237
24 19 1.41421356237
24 20 2.2360679775
24 21 1.41421356237
24 22 2.2360679775
24 23 2.2360679775
24 24 2.2360679775
24 25 1.41421356237
24 26 1.41421356237
24 27 2.2360679775
24 28 2.2360679775
24 29 1.41421356237
24 30 1.41421356237
24 31 1.41421356237
24 32 2.2360679775
24 33 2.2360679775
24 34 1.41421356237
24 35 1.41421356237
24 36 1.41421356237
24 37 1.41421356237
24 38 1.41421356237
24 39 1.41421356237
24 40 1.41421356237
24 41 1.41421356237
24 42 1.41421356237
24 43 1.41421356237
24 44 1.41421356237
24 45 2.2360679775
25 01 1.41421356237
25 02 2.2360679775
25 03 1.41421356237
25 04 1.41421356237
25 05 2.2360679775
25 06 2.2360679775
25 07 2.2360679775
25 08 2.2360679775
25 09 2.2360679775
25 10 2.2360679775
25 11 2.2360679775
25 12 1.41421356237
25 13 1.41421356237
25 14 2.2360679775
25 15 1.41421356237
25 16 1.41421356237
25 17 2.2360679775
25 18 2.2360679775
25 19 2.2360679775
25 20 2.2360679775
25 21 2.2360679775
25 22 1.41421356237
25 23 1.41421356237
25 24 2.2360679775
25 25 2.2360679775
25 26 2.2360679775
25 27 2.2360679775
25 28 2.2360679775
25 29 1.41421356237
25 30 1.41421356237
25 31 2.2360679775
25 32 2.2360679775
25 33 2.2360679775
25 34 2.2360679775
25 35 1.41421356237
25 36 1.41421356237
25 37 2.2360679775
25 38 2.2360679775
25 39 2.2360679775
25 40 2.2360679775
25 41 2.2360679775
25 42 2.2360679775
25 43 1.41421356237
25 44 2.2360679775
25 45 2.0
26 01 2.2360679775
26 02 2.2360679775
26 03 1.41421356237
26 04 1.41421356237
26 05 2.2360679775
26 06 2.2360679775
26 07 2.2360679775
26 08 2.2360679775
26 09 2.2360679775
26 10 2.2360679775
26 11 2.2360679775
26 12 2.2360679775
26 13 2.2360679775
26 14 2.2360679775
26 15 2.2360679775
26 16 1.41421356237
26 17 2.2360679775
26 18 1.41421356237
26 19 2.2360679775
26 20 2.2360679775
26 21 2.2360679775
26 22 1.41421356237
26 23 1.41421356237
26 24 1.41421356237
26 25 2.2360679775
26 26 2.2360679775
26 27 2.2360679775
26 28 2.2360679775
26 29 1.41421356237
26 30 1.41421356237
26 31 2.2360679775
26 32 2.2360679775
26 33 2.2360679775
26 34 2.2360679775
26 35 1.41421356237
26 36 1.41421356237
26 37 2.2360679775
26 38 2.2360679775
26 39 2.2360679775
26 40 2.2360679775
26 41 2.2360679775
26 42 1.41421356237
26 43 1.41421356237
26 44 2.2360679775
26 45 2.2360679775
27 01 2.2360679775
27 02 1.41421356237
27 03 2.2360679775
27 04 1.41421356237
27 05 2.2360679775
27 06 2.2360679775
27 07 2.2360679775
27 08 2.2360679775
27 09 2.2360679775
27 10 2.2360679775
27 11 2.2360679775
27 12 2.2360679775
27 13 2.2360679775
27 14 2.2360679775
27 15 2.2360679775
27 16 2.2360679775
27 17 2.2360679775
27 18 1.41421356237
27 19 2.2360679775
27 20 2.2360679775
27 21 2.2360679775
27 22 2.2360679775
27 23 2.2360679775
27 24 1.41421356237
27 25 1.41421356237
27 26 1.41421356237
27 27 1.41421356237
27 28 1.41421356237
27 29 1.41421356237
27 30 2.2360679775
27 31 2.2360679775
27 32 2.2360679775
27 33 2.2360679775
27 34 2.2360679775
27 35 2.2360679775
27 36 2.2360679775
27 37 2.2360679775
27 38 2.2360679775
27 39 2.2360679775
27 40 2.2360679775
27 41 2.2360679775
27 42 1.0
27 43 1.41421356237
27 44 1.41421356237
27 45 2.0
28 01 1.0
28 02 1.41421356237
28 03 1.0
28 04 2.2360679775
28 05 2.2360679775
28 06 2.2360679775
28 07 2.2360679775
28 08 2.2360679775
28 09 2.2360679775
28 10 2.2360679775
28 11 2.2360679775
28 12 2.2360679775
28 13 2.0
28 14 2.2360679775
28 15 2.2360679775
28 16 2.2360679775
28 17 2.2360679775
28 18 2.2360679775
28 19 2.2360679775
28 20 2.0
28 21 2.2360679775
28 22 2.2360679775
28 23 2.2360679775
28 24 1.41421356237
28 25 1.41421356237
28 26 1.41421356237
28 27 1.41421356237
28 28 1.41421356237
28 29 1.41421356237
28 30 1.41421356237
28 31 2.2360679775
28 32 1.41421356237
28 33 2.2360679775
28 34 2.2360679775
28 35 2.2360679775
28 36 2.2360679775
28 37 2.2360679775
28 38 1.41421356237
28 39 1.41421356237
28 40 2.2360679775
28 41 2.0
28 42 2.0
28 43 2.0
28 44 1.0
28 45 2.0
29 01 1.0
29 02 1.0
29 03 2.2360679775
29 04 2.0
29 05 2.2360679775
29 06 2.0
29 07 2.0
29 08 2.0
29 09 2.0
29 10 2.0
29 11 2.0
29 12 2.0
29 13 2.0
29 14 2.0
29 15 2.0
29 16 2.0
29 17 2.2360679775
29 18 2.2360679775
29 19 2.2360679775
29 20 2.0
29 21 2.0
29 22 2.0
29 23 2.0
29 24 2.2360679775
29 25 1.41421356237
29 26 1.41421356237
29 27 1.41421356237
29 28 1.41421356237
29 29 1.41421356237
29 30 1.41421356237
29 31 1.41421356237
29 32 2.2360679775
29 33 2.2360679775
29 34 2.2360679775
29 35 2.0
29 36 1.0
29 37 2.0
29 38 2.0
29 39 2.0
29 40 2.2360679775
29 41 2.2360679775
29 42 2.2360679775
29 43 2.0
29 44 1.0
29 45 1.0
30 01 2.0
30 02 1.0
30 03 2.0
30 04 2.0
30 05 2.0
30 06 2.0
30 07 2.0
30 08 2.0
30 09 2.0
30 10 2.0
30 11 2.0
30 12 2.0
30 13 2.0
30 14 2.0
30 15 2.0
30 16 2.0
30 17 2.0
30 18 2.0
30 19 2.0
30 20 2.0
30 21 2.0
30 22 2.0
30 23 2.2360679775
30 24 2.2360679775
30 25 1.0
30 26 1.0
30 27 1.0
30 28 1.0
30 29 1.0
30 30 1.0
30 31 2.2360679775
30 32 2.2360679775
30 33 2.2360679775
30 34 2.2360679775
30 35 2.0
30 36 2.0
30 37 2.0
30 38 2.2360679775
30 39 2.2360679775
30 40 1.41421356237
30 41 1.41421356237
30 42 2.2360679775
30 43 2.0
30 44 1.0
30 45 2.0
31 01 2.0
31 02 2.0
31 03 1.0
31 04 2.0
31 05 1.0
31 06 1.0
31 07 2.0
31 08 2.0
31 09 2.0
31 10 2.0
31 11 2.0
31 12 2.0
31 13 2.0
31 14 2.0
31 15 2.0
31 16 2.0
31 17 2.0
31 18 2.0
31 19 2.0
31 20 2.0
31 21 2.0
31 22 2.0
31 23 1.0
31 24 1.0
31 25 2.0
31 26 1.0
31 27 1.0
31 28 1.0
31 29 1.0
31 30 2.0
31 31 1.41421356237
31 32 2.2360679775
31 33 2.2360679775
31 34 2.2360679775
31 35 2.0
31 36 1.0
31 37 1.0
31 38 1.41421356237
31 39 1.41421356237
31 40 1.41421356237
31 41 1.41421356237
31 42 1.41421356237
31 43 1.41421356237
31 44 1.0
31 45 2.0
32 01 1.0
32 02 2.0
32 03 1.0
32 04 2.0
32 05 2.0
32 06 2.2360679775
32 07 2.0
32 08 2.0
32 09 2.0
32 10 2.0
32 11 2.0
32 12 2.0
32 13 2.0
32 14 2.0
32 15 2.0
32 16 2.0
32 17 2.0
32 18 2.0
32 19 2.2360679775
32 20 2.2360679775
32 21 2.2360679775
32 22 2.2360679775
32 23 1.41421356237
32 24 1.41421356237
32 25 1.41421356237
32 26 1.41421356237
32 27 1.41421356237
32 28 1.41421356237
32 29 1.41421356237
32 30 2.0
32 31 2.2360679775
32 32 2.2360679775
32 33 2.0
32 34 2.0
32 35 1.0
32 36 1.41421356237
32 37 1.41421356237
32 38 1.41421356237
32 39 1.41421356237
32 40 1.41421356237
32 41 1.41421356237
32 42 2.2360679775
32 43 1.0
32 44 1.0
32 45 2.0
33 01 1.0
33 02 1.0
33 03 1.0
33 04 1.0
33 05 2.0
33 06 2.0
33 07 2.0
33 08 2.0
33 09 2.0
33 10 2.0
33 11 2.0
33 12 2.0
33 13 2.0
33 14 2.0
33 15 2.2360679775
33 16 2.2360679775
33 17 2.2360679775
33 18 1.41421356237
33 19 2.2360679775
33 20 2.2360679775
33 21 2.2360679775
33 22 2.2360679775
33 23 1.41421356237
33 24 1.41421356237
33 25 1.41421356237
33 26 1.41421356237
33 27 1.41421356237
33 28 1.41421356237
33 29 1.41421356237
33 30 1.0
33 31 1.41421356237
33 32 1.41421356237
33 33 1.41421356237
33 34 1.0
33 35 1.41421356237
33 36 1.41421356237
33 37 1.41421356237
33 38 1.41421356237
33 39 1.41421356237
33 40 1.41421356237
33 41 1.41421356237
33 42 1.41421356237
33 43 1.41421356237
33 44 1.0
33 45 1.0
34 01 1.0
34 02 1.0
34 03 1.0
34 04 1.0
34 05 2.0
34 06 2.0
34 07 2.0
34 08 2.0
34 09 2.0
34 10 2.0
34 11 2.0
34 12 2.0
34 13 2.2360679775
34 14 2.2360679775
34 15 2.2360679775
34 16 2.2360679775
34 17 2.2360679775
34 18 1.41421356237
34 19 2.2360679775
34 20 2.2360679775
34 21 2.2360679775
34 22 2.2360679775
34 23 2.2360679775
34 24 2.2360679775
34 25 2.2360679775
34 26 1.41421356237
34 27 1.41421356237
34 28 1.41421356237
34 29 1.41421356237
34 30 1.41421356237
34 31 1.41421356237
34 32 1.41421356237
34 33 1.41421356237
34 34 1.41421356237
34 35 1.41421356237
34 36 1.41421356237
34 37 1.41421356237
34 38 1.41421356237
34 39 1.41421356237
34 40 1.41421356237
34 41 1.41421356237
34 42 1.41421356237
34 43 1.41421356237
34 44 1.41421356237
34 45 1.41421356237
35 01 0
35 02 0
35 03 1.0
35 04 2.2360679775
35 05 2.0
35 06 2.0
35 07 2.0
35 08 2.2360679775
35 09 2.2360679775
35 10 2.2360679775
35 11 2.2360679775
35 12 2.2360679775
35 13 2.2360679775
35 14 2.2360679775
35 15 2.2360679775
35 16 2.2360679775
35 17 2.2360679775
35 18 2.2360679775
35 19 2.2360679775
35 20 1.41421356237
35 21 2.2360679775
35 22 2.2360679775
35 23 1.41421356237
35 24 2.2360679775
35 25 2.2360679775
35 26 1.41421356237
35 27 1.41421356237
35 28 1.41421356237
35 29 1.41421356237
35 30 1.41421356237
35 31 1.41421356237
35 32 1.41421356237
35 33 1.41421356237
35 34 1.41421356237
35 35 1.41421356237
35 36 1.41421356237
35 37 1.41421356237
35 38 1.41421356237
35 39 1.41421356237
35 40 1.41421356237
35 41 1.41421356237
35 42 2.2360679775
35 43 1.41421356237
35 44 1.41421356237
35 45 1.41421356237
36 01 0
36 02 1.0
36 03 1.0
36 04 2.2360679775
36 05 2.2360679775
36 06 2.0
36 07 2.0
36 08 2.2360679775
36 09 2.2360679775
36 10 2.2360679775
36 11 2.2360679775
36 12 2.2360679775
36 13 2.2360679775
36 14 2.2360679775
36 15 2.2360679775
36 16 2.2360679775
36 17 2.2360679775
36 18 2.2360679775
36 19 2.2360679775
36 20 2.2360679775
36 21 2.2360679775
36 22 1.41421356237
36 23 2.2360679775
36 24 2.2360679775
36 25 1.41421356237
36 26 1.41421356237
36 27 1.41421356237
36 28 1.41421356237
36 29 1.41421356237
36 30 1.41421356237
36 31 1.41421356237
36 32 1.41421356237
36 33 1.41421356237
36 34 1.41421356237
36 35 1.41421356237
36 36 1.41421356237
36 37 1.41421356237
36 38 1.41421356237
36 39 1.41421356237
36 40 1.41421356237
36 41 2.2360679775
36 42 2.2360679775
36 43 1.41421356237
36 44 1.41421356237
36 45 1.0
37 01 0
37 02 1.0
37 03 1.0
37 04 1.0
37 05 2.2360679775
37 06 2.2360679775
37 07 2.2360679775
37 08 2.2360679775
37 09 2.2360679775
37 10 2.2360679775
37 11 2.2360679775
37 12 2.2360679775
37 13 2.2360679775
37 14 2.2360679775
37 15 2.2360679775
37 16 2.2360679775
37 17 1.41421356237
37 18 1.41421356237
37 19 2.2360679775
37 20 2.2360679775
37 21 2.82842712475
37 22 1.41421356237
37 23 1.41421356237
37 24 1.41421356237
37 25 1.41421356237
37 26 1.41421356237
37 27 2.2360679775
37 28 2.2360679775
37 29 2.2360679775
37 30 2.2360679775
37 31 1.41421356237
37 32 1.41421356237
37 33 1.41421356237
37 34 1.41421356237
37 35 1.41421356237
37 36 1.41421356237
37 37 2.2360679775
37 38 2.2360679775
37 39 2.2360679775
37 40 2.2360679775
37 41 1.41421356237
37 42 1.41421356237
37 43 1.41421356237
37 44 1.41421356237
37 45 1.0
38 01 0
38 02 0
38 03 0
38 04 0
38 05 1.0
38 06 2.2360679775
38 07 2.2360679775
38 08 2.2360679775
38 09 2.2360679775
38 10 2.2360679775
38 11 2.2360679775
38 12 2.2360679775
38 13 2.2360679775
38 14 2.2360679775
38 15 1.41421356237
38 16 1.41421356237
38 17 1.41421356237
38 18 1.41421356237
38 19 1.41421356237
38 20 1.41421356237
38 21 2.82842712475
38 22 2.2360679775
38 23 2.2360679775
38 24 2.2360679775
38 25 1.41421356237
38 26 2.2360679775
38 27 2.2360679775
38 28 2.2360679775
38 29 2.2360679775
38 30 2.2360679775
38 31 1.41421356237
38 32 1.41421356237
38 33 1.41421356237
38 34 1.0
38 35 1.41421356237
38 36 2.2360679775
38 37 2.2360679775
38 38 2.2360679775
38 39 2.2360679775
38 40 2.2360679775
38 41 1.41421356237
38 42 1.41421356237
38 43 1.41421356237
38 44 2.2360679775
38 45 1.0
39 01 0
39 02 0
39 03 0
39 04 0
39 05 1.0
39 06 1.0
39 07 1.0
39 08 2.2360679775
39 09 2.2360679775
39 10 2.2360679775
39 11 1.41421356237
39 12 2.2360679775
39 13 1.41421356237
39 14 1.41421356237
39 15 1.41421356237
39 16 1.41421356237
39 17 1.41421356237
39 18 1.41421356237
39 19 1.41421356237
39 20 1.41421356237
39 21 1.41421356237
39 22 1.41421356237
39 23 2.2360679775
39 24 1.41421356237
39 25 2.2360679775
39 26 2.2360679775
39 27 2.2360679775
39 28 2.2360679775
39 29 2.2360679775
39 30 2.2360679775
39 31 1.0
39 32 1.41421356237
39 33 1.0
39 34 1.41421356237
39 35 1.41421356237
39 36 2.2360679775
39 37 2.2360679775
39 38 2.2360679775
39 39 2.2360679775
39 40 2.2360679775
39 41 2.2360679775
39 42 2.2360679775
39 43 1.0
39 44 1.0
39 45 1.0
40 01 0
40 02 0
40 03 0
40 04 0
40 05 0
40 06 1.0
40 07 1.0
40 08 1.0
40 09 1.0
40 10 2.2360679775
40 11 1.41421356237
40 12 1.41421356237
40 13 1.41421356237
40 14 1.41421356237
40 15 1.41421356237
40 16 1.41421356237
40 17 1.41421356237
40 18 1.41421356237
40 19 1.41421356237
40 20 1.41421356237
40 21 2.2360679775
40 22 2.2360679775
40 23 2.2360679775
40 24 2.0
40 25 2.2360679775
40 26 2.2360679775
40 27 2.2360679775
40 28 2.2360679775
40 29 2.2360679775
40 30 2.2360679775
40 31 2.0
40 32 1.0
40 33 1.41421356237
40 34 1.0
40 35 1.41421356237
40 36 1.41421356237
40 37 1.41421356237
40 38 2.2360679775
40 39 2.2360679775
40 40 2.2360679775
40 41 1.0
40 42 1.0
40 43 0
40 44 0
40 45 0
41 01 0
41 02 0
41 03 0
41 04 0
41 05 0
41 06 0
41 07 0
41 08 1.0
41 09 1.0
41 10 1.0
41 11 1.0
41 12 1.41421356237
41 13 1.0
41 14 1.41421356237
41 15 1.41421356237
41 16 1.41421356237
41 17 1.41421356237
41 18 1.41421356237
41 19 1.41421356237
41 20 2.2360679775
41 21 2.2360679775
41 22 2.2360679775
41 23 2.2360679775
41 24 2.0
41 25 2.2360679775
41 26 2.2360679775
41 27 2.2360679775
41 28 2.2360679775
41 29 2.2360679775
41 30 2.2360679775
41 31 2.0
41 32 1.0
41 33 1.0
41 34 2.0
41 35 1.0
41 36 1.0
41 37 1.0
41 38 1.0
41 39 1.0
41 40 1.0
41 41 0
41 42 0
41 43 0
41 44 0
41 45 0
42 01 0
42 02 0
42 03 0
42 04 0
42 05 0
42 06 0
42 07 0
42 08 0
42 09 0
42 10 1.0
42 11 1.0
42 12 1.0
42 13 1.0
42 14 1.41421356237
42 15 1.0
42 16 1.41421356237
42 17 1.0
42 18 1.41421356237
42 19 1.41421356237
42 20 1.41421356237
42 21 2.2360679775
42 22 1.0
42 23 1.0
42 24 2.0
42 25 2.2360679775
42 26 2.2360679775
42 27 1.0
42 28 1.0
42 29 2.2360679775
42 30 2.0
42 31 1.0
42 32 1.0
42 33 1.0
42 34 1.0
42 35 0
42 36 0
42 37 0
42 38 0
42 39 0
42 40 0
42 41 0
42 42 0
42 43 0
42 44 0
42 45 0
43 01 0
43 02 0
43 03 0
43 04 0
43 05 0
43 06 0
43 07 0
43 08 0
43 09 0
43 10 0
43 11 0
43 12 0
43 13 0
43 14 1.0
43 15 1.0
43 16 1.0
43 17 1.0
43 18 1.0
43 19 1.0
43 20 1.0
43 21 1.0
43 22 1.0
43 23 2.0
43 24 1.0
43 25 1.0
43 26 1.41421356237
43 27 1.0
43 28 1.0
43 29 1.0
43 30 1.0
43 31 0
43 32 0
43 33 0
43 34 0
43 35 0
43 36 0
43 37 0
43 38 0
43 39 0
43 40 0
43 41 0
43 42 0
43 43 0
43 44 0
43 45 0
44 01 0
44 02 0
44 03 0
44 04 0
44 05 0
44 06 0
44 07 0
44 08 0
44 09 0
44 10 0
44 11 0
44 12 0
44 13 0
44 14 0
44 15 0
44 16 0
44 17 0
44 18 0
44 19 1.0
44 20 1.0
44 21 1.0
44 22 1.0
44 23 1.0
44 24 1.0
44 25 0
44 26 0
44 27 0
44 28 0
44 29 0
44 30 0
44 31 0
44 32 0
44 33 0
44 34 0
44 35 0
44 36 0
44 37 0
44 38 0
44 39 0
44 40 0
44 41 0
44 42 0
44 43 0
44 44 0
44 45 0
45 01 0
45 02 0
45 03 0
45 04 0
45 05 0
45 06 0
45 07 0
45 08 0
45 09 0
45 10 0
45 11 0
45 12 0
45 13 0
45 14 0
45 15 0
45 16 0
45 17 0
45 18 0
45 19 0
45 20 0
45 21 0
45 22 0
45 23 0
45 24 0
45 25 0
45 26 0
45 27 0
45 28 0
45 29 0
45 30 0
45 31 0
45 32 0
45 33 0
45 34 0
45 35 0
45 36 0
45 37 0
45 38 0
45 39 0
45 40 0
45 41 0
45 42 0
45 43 0
45 44 0
45 45 0
