01 01 0
01 02 0
01 03 0
01 04 0
01 05 0
01 06 0
01 07 0
01 08 0
01 09 0
01 10 0
01 11 0
01 12 0
01 13 0
01 14 0
01 15 0
01 16 0
01 17 0
01 18 0
01 19 0
01 20 0
01 21 0
01 22 0
01 23 0
01 24 0
01 25 0
01 26 0
01 27 0
01 28 0
01 29 0
01 30 0
01 31 0
01 32 0
01 33 0
01 34 0
01 35 0
01 36 0
01 37 0
01 38 0
01 39 0
01 40 0
01 41 0
01 42 0
01 43 0
01 44 0
01 45 0
02 01 0
02 02 0
02 03 0
02 04 0
02 05 0
02 06 0
02 07 0
02 08 0
02 09 0
02 10 0
02 11 0
02 12 0
02 13 0
02 14 0
02 15 0
02 16 0
02 17 0
02 18 0
02 19 0
02 20 0
02 21 0
02 22 0
02 23 0
02 24 0
02 25 0
02 26 0
02 27 0
02 28 0
02 29 0
02 30 0
02 31 0
02 32 0
02 33 0
02 34 0
02 35 0
02 36 0
02 37 0
02 38 0
02 39 0
02 40 0
02 41 0
02 42 0
02 43 0
02 44 0
02 45 0
03 01 0
03 02 0
03 03 0
03 04 0
03 05 0
03 06 0
03 07 0
03 08 0
03 09 0
03 10 0
03 11 0
03 12 0
03 13 0
03 14 0
03 15 0
03 16 0
03 17 0
03 18 0
03 19 0
03 20 0
03 21 0
03 22 0
03 23 0
03 24 0
03 25 0
03 26 0
03 27 0
03 28 0
03 29 0
03 30 0
03 31 0
03 32 0
03 33 0
03 34 0
03 35 0
03 36 0
03 37 0
03 38 0
03 39 0
03 40 0
03 41 0
03 42 0
03 43 0
03 44 0
03 45 0
04 01 0
04 02 0
04 03 0
04 04 0
04 05 0
04 06 0
04 07 0
04 08 0
04 09 0
04 10 0
04 11 0
04 12 0
04 13 0
04 14 0
04 15 0
04 16 0
04 17 0
04 18 0
04 19 0
04 20 0
04 21 0
04 22 0
04 23 0
04 24 0
04 25 0
04 26 0
04 27 0
04 28 0
04 29 0
04 30 0
04 31 0
04 32 0
04 33 0
04 34 0
04 35 0
04 36 0
04 37 0
04 38 0
04 39 0
04 40 0
04 41 0
04 42 0
04 43 0
04 44 0
04 45 0
05 01 0
05 02 0
05 03 0
05 04 0
05 05 0
05 06 0
05 07 0
05 08 0
05 09 0
05 10 0
05 11 0
05 12 0
05 13 0
05 14 0
05 15 0
05 16 0
05 17 0
05 18 0
05 19 0
05 20 0
05 21 0
05 22 0
05 23 0
05 24 0
05 25 0
05 26 0
05 27 0
05 28 0
05 29 0
05 30 0
05 31 0
05 32 0
05 33 0
05 34 0
05 35 0
05 36 0
05 37 0
05 38 0
05 39 0
05 40 0
05 41 0
05 42 0
05 43 0
05 44 0
05 45 0
06 01 0
06 02 0
06 03 0
06 04 0
06 05 0
06 06 0
06 07 0
06 08 0
06 09 0
06 10 0
06 11 0
06 12 0
06 13 0
06 14 0
06 15 0
06 16 0
06 17 0
06 18 0
06 19 0
06 20 0
06 21 0
06 22 0
06 23 0
06 24 0
06 25 0
06 26 0
06 27 0
06 28 0
06 29 0
06 30 0
06 31 0
06 32 0
06 33 0
06 34 0
06 35 0
06 36 0
06 37 0
06 38 0
06 39 0
06 40 0
06 41 0
06 42 0
06 43 0
06 44 0
06 45 0
07 01 0
07 02 0
07 03 0
07 04 0
07 05 0
07 06 0
07 07 0
07 08 0
07 09 0
07 10 0
07 11 0
07 12 0
07 13 0
07 14 0
07 15 0
07 16 0
07 17 0
07 18 0
07 19 0
07 20 0
07 21 0
07 22 0
07 23 0
07 24 0
07 25 0
07 26 0
07 27 0
07 28 0
07 29 0
07 30 0
07 31 0
07 32 0
07 33 0
07 34 0
07 35 0
07 36 0
07 37 0
07 38 0
07 39 0
07 40 0
07 41 0
07 42 0
07 43 0
07 44 0
07 45 0
08 01 0
08 02 0
08 03 0
08 04 0
08 05 0
08 06 0
08 07 0
08 08 0
08 09 0
08 10 0
08 11 0
08 12 0
08 13 0
08 14 0
08 15 0
08 16 0
08 17 0
08 18 0
08 19 0
08 20 0
08 21 0
08 22 0
08 23 0
08 24 0
08 25 0
08 26 0
08 27 0
08 28 0
08 29 0
08 30 0
08 31 0
08 32 0
08 33 0
08 34 0
08 35 0
08 36 0
08 37 0
08 38 0
08 39 0
08 40 0
08 41 0
08 42 0
08 43 0
08 44 0
08 45 1.0
09 01 0
09 02 0
09 03 0
09 04 0
09 05 0
09 06 0
09 07 0
09 08 0
09 09 0
09 10 0
09 11 0
09 12 0
09 13 0
09 14 0
09 15 0
09 16 0
09 17 0
09 18 0
09 19 0
09 20 0
09 21 0
09 22 0
09 23 0
09 24 0
09 25 0
09 26 0
09 27 0
09 28 0
09 29 0
09 30 0
09 31 0
09 32 0
09 33 0
09 34 0
09 35 0
09 36 0
09 37 0
09 38 0
09 39 0
09 40 0
09 41 0
09 42 1.0
09 43 1.0
09 44 2.0
09 45 1.0
10 01 0
10 02 0
10 03 0
10 04 0
10 05 0
10 06 0
10 07 0
10 08 0
10 09 0
10 10 0
10 11 0
10 12 0
10 13 0
10 14 0
10 15 0
10 16 0
10 17 0
10 18 0
10 19 0
10 20 0
10 21 0
10 22 0
10 23 0
10 24 0
10 25 0
10 26 0
10 27 0
10 28 0
10 29 0
10 30 0
10 31 0
10 32 0
10 33 0
10 34 0
10 35 0
10 36 0
10 37 0
10 38 0
10 39 0
10 40 0
10 41 1.0
10 42 1.41421356237
10 43 1.41421356237
10 44 2.2360679775
10 45 2.2360679775
11 01 0
11 02 0
11 03 0
11 04 0
11 05 0
11 06 0
11 07 0
11 08 0
11 09 0
11 10 0
11 11 0
11 12 0
11 13 0
11 14 0
11 15 0
11 16 0
11 17 0
11 18 0
11 19 0
11 20 1.0
11 21 0
11 22 0
11 23 0
11 24 0
11 25 0
11 26 0
11 27 0
11 28 0
11 29 0
11 30 0
11 31 0
11 32 0
11 33 0
11 34 0
11 35 0
11 36 0
11 37 0
11 38 0
11 39 0
11 40 1.0
11 41 2.0
11 42 1.41421356237
11 43 1.0
11 44 1.0
11 45 2.2360679775
12 01 0
12 02 0
12 03 0
12 04 0
12 05 0
12 06 0
12 07 0
12 08 0
12 09 0
12 10 0
12 11 0
12 12 0
12 13 0
12 14 0
12 15 0
12 16 0
12 17 0
12 18 0
12 19 0
12 20 1.0
12 21 0
12 22 0
12 23 0
12 24 0
12 25 0
12 26 0
12 27 0
12 28 0
12 29 0
12 30 0
12 31 0
12 32 0
12 33 0
12 34 0
12 35 0
12 36 0
12 37 0
12 38 0
12 39 0
12 40 1.0
12 41 2.2360679775
12 42 1.41421356237
12 43 2.2360679775
12 44 1.41421356237
12 45 2.2360679775
13 01 0
13 02 0
13 03 0
13 04 0
13 05 0
13 06 0
13 07 0
13 08 0
13 09 0
13 10 0
13 11 0
13 12 0
13 13 0
13 14 0
13 15 0
13 16 0
13 17 0
13 18 0
13 19 0
13 20 0
13 21 0
13 22 0
13 23 0
13 24 0
13 25 0
13 26 0
13 27 0
13 28 0
13 29 0
13 30 0
13 31 0
13 32 0
13 33 0
13 34 0
13 35 0
13 36 0
13 37 0
13 38 0
13 39 0
13 40 1.41421356237
13 41 1.0
13 42 1.0
13 43 1.0
13 44 1.41421356237
13 45 2.2360679775
14 01 0
14 02 0
14 03 0
14 04 0
14 05 0
14 06 0
14 07 0
14 08 0
14 09 0
14 10 0
14 11 0
14 12 0
14 13 0
14 14 0
14 15 0
14 16 0
14 17 0
14 18 0
14 19 0
14 20 0
14 21 0
14 22 0
14 23 0
14 24 0
14 25 0
14 26 0
14 27 0
14 28 0
14 29 0
14 30 0
14 31 0
14 32 0
14 33 0
14 34 0
14 35 0
14 36 0
14 37 0
14 38 0
14 39 0
14 40 1.0
14 41 1.41421356237
14 42 1.41421356237
14 43 1.41421356237
14 44 2.2360679775
14 45 2.2360679775
15 01 0
15 02 0
15 03 0
15 04 0
15 05 0
15 06 0
15 07 0
15 08 0
15 09 0
15 10 0
15 11 0
15 12 0
15 13 0
15 14 0
15 15 0
15 16 0
15 17 0
15 18 0
15 19 0
15 20 0
15 21 0
15 22 0
15 23 0
15 24 0
15 25 0
15 26 0
15 27 0
15 28 0
15 29 1.0
15 30 1.0
15 31 1.0
15 32 1.0
15 33 1.0
15 34 1.0
15 35 1.0
15 36 0
15 37 0
15 38 0
15 39 0
15 40 1.0
15 41 2.2360679775
15 42 2.2360679775
15 43 1.41421356237
15 44 1.41421356237
15 45 2.2360679775
16 01 0
16 02 0
16 03 0
16 04 0
16 05 0
16 06 0
16 07 0
16 08 0
16 09 0
16 10 0
16 11 0
16 12 0
16 13 0
16 14 0
16 15 0
16 16 0
16 17 0
16 18 0
16 19 0
16 20 0
16 21 0
16 22 0
16 23 0
16 24 0
16 25 0
16 26 0
16 27 1.0
16 28 1.0
16 29 1.41421356237
16 30 1.0
16 31 2.2360679775
16 32 1.0
16 33 2.2360679775
16 34 1.0
16 35 1.0
16 36 1.0
16 37 1.0
16 38 0
16 39 0
16 40 1.41421356237
16 41 2.2360679775
16 42 1.0
16 43 1.0
16 44 1.0
16 45 2.2360679775
17 01 0
17 02 0
17 03 0
17 04 0
17 05 0
17 06 0
17 07 0
17 08 0
17 09 0
17 10 0
17 11 0
17 12 0
17 13 0
17 14 0
17 15 0
17 16 0
17 17 0
17 18 0
17 19 0
17 20 0
17 21 0
17 22 0
17 23 0
17 24 1.0
17 25 1.0
17 26 2.0
17 27 2.0
17 28 1.41421356237
17 29 2.2360679775
17 30 1.0
17 31 2.0
17 32 2.0
17 33 2.0
17 34 1.0
17 35 1.41421356237
17 36 1.41421356237
17 37 1.0
17 38 1.0
17 39 0
17 40 1.0
17 41 1.0
17 42 1.41421356237
17 43 2.0
17 44 1.0
17 45 1.41421356237
18 01 0
18 02 0
18 03 0
18 04 0
18 05 0
18 06 0
18 07 0
18 08 0
18 09 0
18 10 0
18 11 0
18 12 0
18 13 0
18 14 1.0
18 15 1.0
18 16 0
18 17 0
18 18 0
18 19 0
18 20 0
18 21 0
18 22 1.0
18 23 1.0
18 24 1.0
18 25 2.0
18 26 2.0
18 27 2.0
18 28 2.0
18 29 2.0
18 30 1.0
18 31 2.0
18 32 2.0
18 33 2.0
18 34 2.0
18 35 1.41421356237
18 36 1.41421356237
18 37 1.41421356237
18 38 1.0
18 39 1.0
18 40 1.0
18 41 2.0
18 42 1.0
18 43 2.2360679775
18 44 1.41421356237
18 45 1.41421356237
19 01 0
19 02 0
19 03 0
19 04 0
19 05 0
19 06 0
19 07 0
19 08 0
19 09 0
19 10 0
19 11 0
19 12 0
19 13 0
19 14 1.0
19 15 1.0
19 16 0
19 17 0
19 18 0
19 19 0
19 20 1.0
19 21 1.0
19 22 2.0
19 23 1.0
19 24 2.0
19 25 2.0
19 26 2.0
19 27 2.0
19 28 2.0
19 29 2.0
19 30 2.0
19 31 2.0
19 32 2.0
19 33 2.0
19 34 2.0
19 35 1.41421356237
19 36 1.41421356237
19 37 1.41421356237
19 38 1.0
19 39 1.0
19 40 1.0
19 41 1.0
19 42 1.0
19 43 1.41421356237
19 44 1.41421356237
19 45 1.41421356237
20 01 0
20 02 0
20 03 0
20 04 0
20 05 0
20 06 0
20 07 0
20 08 0
20 09 0
20 10 0
20 11 0
20 12 0
20 13 0
20 14 0
20 15 0
20 16 0
20 17 0
20 18 0
20 19 1.0
20 20 2.0
20 21 2.0
20 22 1.0
20 23 0
20 24 2.0
20 25 2.0
20 26 2.0
20 27 2.0
20 28 2.0
20 29 2.0
20 30 2.0
20 31 2.0
20 32 2.0
20 33 2.2360679775
20 34 2.2360679775
20 35 1.41421356237
20 36 1.41421356237
20 37 1.41421356237
20 38 1.41421356237
20 39 1.0
20 40 1.41421356237
20 41 1.0
20 42 0
20 43 1.0
20 44 1.41421356237
20 45 1.41421356237
21 01 0
21 02 0
21 03 0
21 04 0
21 05 0
21 06 0
21 07 0
21 08 0
21 09 0
21 10 0
21 11 0
21 12 0
21 13 0
21 14 0
21 15 0
21 16 0
21 17 0
21 18 1.0
21 19 1.0
21 20 2.0
21 21 2.0
21 22 2.0
21 23 2.0
21 24 2.0
21 25 2.0
21 26 0
21 27 2.0
21 28 2.0
21 29 2.0
21 30 2.0
21 31 2.0
21 32 2.0
21 33 2.0
21 34 1.41421356237
21 35 1.41421356237
21 36 1.41421356237
21 37 1.41421356237
21 38 1.41421356237
21 39 1.41421356237
21 40 1.41421356237
21 41 1.41421356237
21 42 1.0
21 43 0
21 44 1.0
21 45 1.41421356237
22 01 0
22 02 0
22 03 0
22 04 0
22 05 0
22 06 0
22 07 0
22 08 0
22 09 0
22 10 0
22 11 0
22 12 0
22 13 0
22 14 0
22 15 0
22 16 1.0
22 17 2.0
22 18 2.2360679775
22 19 2.2360679775
22 20 1.0
22 21 2.0
22 22 2.0
22 23 2.0
22 24 2.0
22 25 2.0
22 26 0
22 27 2.0
22 28 2.0
22 29 2.0
22 30 2.0
22 31 2.0
22 32 2.0
22 33 1.41421356237
22 34 1.41421356237
22 35 1.41421356237
22 36 1.41421356237
22 37 1.41421356237
22 38 1.41421356237
22 39 1.41421356237
22 40 1.41421356237
22 41 1.41421356237
22 42 1.41421356237
22 43 1.0
22 44 0
22 45 1.41421356237
23 01 0
23 02 1.0
23 03 1.0
23 04 1.0
23 05 0
23 06 0
23 07 0
23 08 0
23 09 0
23 10 0
23 11 0
23 12 0
23 13 0
23 14 0
23 15 0
23 16 1.0
23 17 2.0
23 18 2.2360679775
23 19 2.0
23 20 2.0
23 21 2.0
23 22 2.0
23 23 2.0
23 24 2.0
23 25 2.0
23 26 2.0
23 27 1.0
23 28 2.0
23 29 2.0
23 30 1.0
23 31 2.0
23 32 1.41421356237
23 33 1.41421356237
23 34 1.41421356237
23 35 1.41421356237
23 36 1.41421356237
23 37 1.41421356237
23 38 1.41421356237
23 39 2.2360679775
23 40 1.41421356237
23 41 1.41421356237
23 42 2.0
23 43 1.0
23 44 0
23 45 0
24 01 0
24 02 1.0
24 03 1.0
24 04 1.0
24 05 0
24 06 0
24 07 0
24 08 0
24 09 0
24 10 0
24 11 0
24 12 0
24 13 1.0
24 14 1.0
24 15 1.0
24 16 2.2360679775
24 17 2.2360679775
24 18 2.2360679775
24 19 2.2360679775
24 20 2.0
24 21 2.0
24 22 2.0
24 23 2.0
24 24 2.0
24 25 2.0
24 26 2.0
24 27 1.0
24 28 2.0
24 29 2.0
24 30 1.41421356237
24 31 2.2360679775
24 32 1.41421356237
24 33 1.41421356237
24 34 1.41421356237
24 35 1.41421356237
24 36 1.41421356237
24 37 1.41421356237
24 38 1.41421356237
24 39 1.41421356237
24 40 1.41421356237
24 41 1.41421356237
24 42 2.0
24 43 1.0
24 44 1.0
24 45 0
25 01 0
25 02 1.0
25 03 1.0
25 04 1.0
25 05 0
25 06 0
25 07 0
25 08 0
25 09 0
25 10 0
25 11 0
25 12 1.0
25 13 2.2360679775
25 14 2.2360679775
25 15 2.2360679775
25 16 2.2360679775
25 17 2.2360679775
25 18 2.2360679775
25 19 2.2360679775
25 20 2.0
25 21 2.0
25 22 2.0
25 23 2.0
25 24 2.0
25 25 2.0
25 26 2.0
25 27 2.0
25 28 2.2360679775
25 29 2.0
25 30 2.2360679775
25 31 2.2360679775
25 32 1.41421356237
25 33 1.41421356237
25 34 1.41421356237
25 35 1.41421356237
25 36 1.41421356237
25 37 1.41421356237
25 38 1.41421356237
25 39 1.41421356237
25 40 1.41421356237
25 41 1.41421356237
25 42 1.41421356237
25 43 1.0
25 44 1.0
25 45 0
26 01 1.41421356237
26 02 0
26 03 0
26 04 0
26 05 0
26 06 0
26 07 0
26 08 0
26 09 0
26 10 1.41421356237
26 11 1.0
26 12 1.0
26 13 2.2360679775
26 14 2.2360679775
26 15 2.2360679775
26 16 2.2360679775
26 17 2.2360679775
26 18 2.2360679775
26 19 2.2360679775
26 20 2.0
26 21 2.0
26 22 2.0
26 23 2.0
26 24 2.0
26 25 2.0
26 26 2.0
26 27 2.0
26 28 2.0
26 29 2.0
26 30 2.0
26 31 2.0
26 32 1.41421356237
26 33 1.41421356237
26 34 1.41421356237
26 35 1.41421356237
26 36 1.41421356237
26 37 1.41421356237
26 38 1.41421356237
26 39 1.41421356237
26 40 1.41421356237
26 41 1.41421356237
26 42 1.41421356237
26 43 1.41421356237
26 44 1.0
26 45 0
27 01 1.0
27 02 0
27 03 0
27 04 0
27 05 0
27 06 0
27 07 0
27 08 1.0
27 09 0
27 10 1.0
27 11 1.0
27 12 2.2360679775
27 13 2.2360679775
27 14 2.2360679775
27 15 2.2360679775
27 16 2.2360679775
27 17 2.2360679775
27 18 2.2360679775
27 19 2.2360679775
27 20 2.0
27 21 2.0
27 22 2.0
27 23 2.0
27 24 2.0
27 25 2.0
27 26 1.0
27 27 2.0
27 28 2.0
27 29 2.0
27 30 2.0
27 31 2.0
27 32 2.2360679775
27 33 1.41421356237
27 34 1.41421356237
27 35 1.41421356237
27 36 1.41421356237
27 37 1.41421356237
27 38 2.2360679775
27 39 1.41421356237
27 40 1.41421356237
27 41 1.41421356237
27 42 1.41421356237
27 43 2.0
27 44 1.0
27 45 0
28 01 0
28 02 0
28 03 0
28 04 0
28 05 0
28 06 0
28 07 0
28 08 1.0
28 09 1.0
28 10 2.2360679775
28 11 1.41421356237
28 12 2.2360679775
28 13 2.2360679775
28 14 2.2360679775
28 15 2.2360679775
28 16 2.2360679775
28 17 2.2360679775
28 18 2.2360679775
28 19 2.0
28 20 2.2360679775
28 21 2.0
28 22 2.0
28 23 2.0
28 24 2.0
28 25 2.0
28 26 2.0
28 27 2.0
28 28 2.0
28 29 2.0
28 30 2.0
28 31 2.2360679775
28 32 2.2360679775
28 33 1.41421356237
28 34 1.41421356237
28 35 1.41421356237
28 36 1.41421356237
28 37 1.41421356237
28 38 2.2360679775
28 39 1.41421356237
28 40 1.41421356237
28 41 1.41421356237
28 42 1.41421356237
28 43 1.0
28 44 1.0
28 45 0
29 01 0
29 02 0
29 03 0
29 04 0
29 05 0
29 06 0
29 07 2.0
29 08 1.41421356237
29 09 2.2360679775
29 10 2.2360679775
29 11 1.41421356237
29 12 2.2360679775
29 13 2.2360679775
29 14 2.2360679775
29 15 2.2360679775
29 16 2.2360679775
29 17 2.2360679775
29 18 1.0
29 19 1.0
29 20 2.0
29 21 2.0
29 22 2.0
29 23 2.0
29 24 2.0
29 25 2.0
29 26 2.0
29 27 2.0
29 28 2.0
29 29 2.0
29 30 2.0
29 31 2.0
29 32 2.0
29 33 1.0
29 34 1.41421356237
29 35 1.41421356237
29 36 1.41421356237
29 37 1.41421356237
29 38 1.41421356237
29 39 2.2360679775
29 40 1.41421356237
29 41 1.41421356237
29 42 1.41421356237
29 43 1.41421356237
29 44 0
29 45 0
30 01 0
30 02 0
30 03 0
30 04 0
30 05 0
30 06 1.41421356237
30 07 1.0
30 08 2.2360679775
30 09 2.2360679775
30 10 1.41421356237
30 11 1.0
30 12 1.41421356237
30 13 2.2360679775
30 14 2.2360679775
30 15 2.2360679775
30 16 2.2360679775
30 17 2.2360679775
30 18 2.2360679775
30 19 2.0
30 20 2.0
30 21 2.0
30 22 2.0
30 23 1.0
30 24 2.0
30 25 2.0
30 26 2.0
30 27 2.0
30 28 2.0
30 29 2.0
30 30 2.0
30 31 2.2360679775
30 32 2.2360679775
30 33 2.2360679775
30 34 2.2360679775
30 35 1.41421356237
30 36 1.41421356237
30 37 1.41421356237
30 38 1.41421356237
30 39 1.41421356237
30 40 1.0
30 41 1.41421356237
30 42 1.41421356237
30 43 2.2360679775
30 44 0
30 45 0
31 01 0
31 02 0
31 03 0
31 04 0
31 05 1.0
31 06 1.0
31 07 2.2360679775
31 08 2.2360679775
31 09 2.2360679775
31 10 1.41421356237
31 11 2.2360679775
31 12 1.41421356237
31 13 2.2360679775
31 14 2.2360679775
31 15 2.2360679775
31 16 2.2360679775
31 17 2.2360679775
31 18 2.2360679775
31 19 2.2360679775
31 20 2.0
31 21 2.2360679775
31 22 2.0
31 23 2.0
31 24 2.2360679775
31 25 2.0
31 26 2.0
31 27 2.0
31 28 2.2360679775
31 29 2.0
31 30 2.2360679775
31 31 2.2360679775
31 32 2.2360679775
31 33 1.41421356237
31 34 1.41421356237
31 35 1.41421356237
31 36 1.41421356237
31 37 1.41421356237
31 38 1.41421356237
31 39 1.41421356237
31 40 1.0
31 41 1.41421356237
31 42 2.2360679775
31 43 2.2360679775
31 44 0
31 45 0
32 01 0
32 02 0
32 03 0
32 04 0
32 05 1.0
32 06 2.2360679775
32 07 2.2360679775
32 08 1.41421356237
32 09 2.2360679775
32 10 1.41421356237
32 11 2.2360679775
32 12 1.41421356237
32 13 2.2360679775
32 14 2.2360679775
32 15 2.2360679775
32 16 2.2360679775
32 17 2.2360679775
32 18 2.2360679775
32 19 2.2360679775
32 20 2.2360679775
32 21 2.0
32 22 2.0
32 23 2.2360679775
32 24 2.2360679775
32 25 2.2360679775
32 26 2.2360679775
32 27 2.0
32 28 2.0
32 29 0
32 30 2.0
32 31 2.2360679775
32 32 1.41421356237
32 33 1.41421356237
32 34 1.41421356237
32 35 1.41421356237
32 36 1.41421356237
32 37 1.41421356237
32 38 1.41421356237
32 39 1.41421356237
32 40 1.41421356237
32 41 2.2360679775
32 42 2.2360679775
32 43 1.0
32 44 0
32 45 0
33 01 1.0
33 02 1.0
33 03 1.0
33 04 1.0
33 05 1.41421356237
33 06 2.2360679775
33 07 2.2360679775
33 08 1.41421356237
33 09 1.41421356237
33 10 1.41421356237
33 11 2.2360679775
33 12 1.41421356237
33 13 2.2360679775
33 14 2.2360679775
33 15 2.2360679775
33 16 2.2360679775
33 17 2.2360679775
33 18 2.2360679775
33 19 2.2360679775
33 20 2.2360679775
33 21 1.41421356237
33 22 2.2360679775
33 23 2.2360679775
33 24 2.0
33 25 2.2360679775
33 26 2.2360679775
33 27 2.2360679775
33 28 2.2360679775
33 29 2.0
33 30 2.0
33 31 1.41421356237
33 32 1.41421356237
33 33 1.41421356237
33 34 1.41421356237
33 35 1.41421356237
33 36 1.41421356237
33 37 1.41421356237
33 38 1.41421356237
33 39 1.41421356237
33 40 1.41421356237
33 41 1.0
33 42 0
33 43 1.0
33 44 1.0
33 45 0
34 01 1.0
34 02 1.0
34 03 1.0
34 04 2.2360679775
34 05 1.41421356237
34 06 2.2360679775
34 07 2.2360679775
34 08 2.2360679775
34 09 1.41421356237
34 10 1.41421356237
34 11 2.2360679775
34 12 2.2360679775
34 13 2.2360679775
34 14 2.2360679775
34 15 2.2360679775
34 16 2.2360679775
34 17 2.2360679775
34 18 2.2360679775
34 19 2.2360679775
34 20 2.2360679775
34 21 2.2360679775
34 22 2.2360679775
34 23 1.41421356237
34 24 2.2360679775
34 25 2.2360679775
34 26 2.2360679775
34 27 2.2360679775
34 28 2.2360679775
34 29 1.0
34 30 2.0
34 31 1.41421356237
34 32 1.41421356237
34 33 1.41421356237
34 34 1.41421356237
34 35 1.41421356237
34 36 1.41421356237
34 37 1.41421356237
34 38 1.41421356237
34 39 1.41421356237
34 40 1.41421356237
34 41 1.41421356237
34 42 0
34 43 1.0
34 44 1.0
34 45 0
35 01 1.0
35 02 1.0
35 03 2.2360679775
35 04 2.2360679775
35 05 1.41421356237
35 06 2.2360679775
35 07 2.2360679775
35 08 2.2360679775
35 09 1.41421356237
35 10 2.2360679775
35 11 2.2360679775
35 12 2.2360679775
35 13 2.2360679775
35 14 2.2360679775
35 15 2.2360679775
35 16 2.2360679775
35 17 2.2360679775
35 18 2.2360679775
35 19 2.2360679775
35 20 2.2360679775
35 21 2.2360679775
35 22 2.2360679775
35 23 2.2360679775
35 24 2.2360679775
35 25 2.2360679775
35 26 2.2360679775
35 27 2.2360679775
35 28 2.2360679775
35 29 1.41421356237
35 30 1.41421356237
35 31 1.41421356237
35 32 1.41421356237
35 33 1.41421356237
35 34 1.41421356237
35 35 1.41421356237
35 36 1.41421356237
35 37 1.41421356237
35 38 1.41421356237
35 39 1.41421356237
35 40 1.41421356237
35 41 1.0
35 42 0
35 43 0
35 44 0
35 45 0
36 01 1.0
36 02 2.2360679775
36 03 2.2360679775
36 04 1.41421356237
36 05 2.2360679775
36 06 2.2360679775
36 07 2.2360679775
36 08 2.2360679775
36 09 2.2360679775
36 10 2.2360679775
36 11 2.2360679775
36 12 2.2360679775
36 13 2.2360679775
36 14 2.2360679775
36 15 2.2360679775
36 16 2.2360679775
36 17 2.2360679775
36 18 2.2360679775
36 19 2.2360679775
36 20 2.2360679775
36 21 2.2360679775
36 22 2.2360679775
36 23 2.2360679775
36 24 2.2360679775
36 25 2.2360679775
36 26 2.2360679775
36 27 2.2360679775
36 28 1.0
36 29 1.41421356237
36 30 2.2360679775
36 31 2.2360679775
36 32 1.41421356237
36 33 1.41421356237
36 34 1.41421356237
36 35 1.41421356237
36 36 2.2360679775
36 37 1.41421356237
36 38 1.41421356237
36 39 1.41421356237
36 40 0
36 41 0
36 42 0
36 43 0
36 44 0
36 45 0
37 01 1.0
37 02 2.2360679775
37 03 2.2360679775
37 04 2.2360679775
37 05 2.2360679775
37 06 2.2360679775
37 07 2.2360679775
37 08 2.2360679775
37 09 2.2360679775
37 10 2.2360679775
37 11 2.2360679775
37 12 2.2360679775
37 13 2.2360679775
37 14 2.2360679775
37 15 2.2360679775
37 16 1.41421356237
37 17 1.41421356237
37 18 2.2360679775
37 19 2.2360679775
37 20 2.2360679775
37 21 2.2360679775
37 22 0
37 23 1.0
37 24 2.2360679775
37 25 1.41421356237
37 26 2.82842712475
37 27 2.2360679775
37 28 2.0
37 29 2.0
37 30 2.2360679775
37 31 2.2360679775
37 32 1.41421356237
37 33 1.41421356237
37 34 1.41421356237
37 35 1.41421356237
37 36 1.0
37 37 2.2360679775
37 38 1.0
37 39 0
37 40 0
37 41 0
37 42 0
37 43 0
37 44 0
37 45 0
38 01 2.2360679775
38 02 2.2360679775
38 03 2.2360679775
38 04 2.2360679775
38 05 2.2360679775
38 06 2.2360679775
38 07 2.2360679775
38 08 2.2360679775
38 09 2.2360679775
38 10 2.2360679775
38 11 2.2360679775
38 12 2.2360679775
38 13 2.2360679775
38 14 2.2360679775
38 15 2.2360679775
38 16 2.2360679775
38 17 2.0
38 18 2.2360679775
38 19 2.2360679775
38 20 2.2360679775
38 21 2.2360679775
38 22 0
38 23 2.2360679775
38 24 2.2360679775
38 25 2.2360679775
38 26 1.41421356237
38 27 2.2360679775
38 28 2.0
38 29 2.0
38 30 2.2360679775
38 31 2.2360679775
38 32 2.2360679775
38 33 2.2360679775
38 34 1.41421356237
38 35 1.41421356237
38 36 1.0
38 37 0
38 38 0
38 39 0
38 40 0
38 41 0
38 42 0
38 43 0
38 44 0
38 45 0
39 01 1.0
39 02 2.2360679775
39 03 2.2360679775
39 04 2.2360679775
39 05 2.2360679775
39 06 2.2360679775
39 07 2.2360679775
39 08 2.2360679775
39 09 2.2360679775
39 10 2.2360679775
39 11 2.2360679775
39 12 2.2360679775
39 13 2.2360679775
39 14 2.2360679775
39 15 2.2360679775
39 16 2.2360679775
39 17 2.2360679775
39 18 2.0
39 19 2.2360679775
39 20 2.2360679775
39 21 2.2360679775
39 22 2.2360679775
39 23 2.2360679775
39 24 1.41421356237
39 25 2.2360679775
39 26 2.2360679775
39 27 2.0
39 28 2.0
39 29 1.0
39 30 1.41421356237
39 31 2.2360679775
39 32 2.0
39 33 2.0
39 34 2.2360679775
39 35 1.41421356237
39 36 1.0
39 37 0
39 38 0
39 39 0
39 40 0
39 41 0
39 42 0
39 43 0
39 44 0
39 45 0
40 01 1.0
40 02 2.2360679775
40 03 2.2360679775
40 04 2.2360679775
40 05 2.2360679775
40 06 2.2360679775
40 07 2.2360679775
40 08 2.2360679775
40 09 2.2360679775
40 10 2.2360679775
40 11 2.2360679775
40 12 2.2360679775
40 13 2.2360679775
40 14 2.2360679775
40 15 2.2360679775
40 16 2.2360679775
40 17 2.2360679775
40 18 1.41421356237
40 19 2.2360679775
40 20 2.2360679775
40 21 1.41421356237
40 22 2.2360679775
40 23 2.2360679775
40 24 1.41421356237
40 25 2.2360679775
40 26 2.2360679775
40 27 1.0
40 28 2.0
40 29 2.0
40 30 2.0
40 31 2.0
40 32 2.0
40 33 2.0
40 34 2.2360679775
40 35 1.0
40 36 0
40 37 0
40 38 0
40 39 0
40 40 0
40 41 0
40 42 0
40 43 0
40 44 0
40 45 0
41 01 2.0
41 02 2.2360679775
41 03 2.2360679775
41 04 2.0
41 05 2.0
41 06 2.2360679775
41 07 2.2360679775
41 08 2.2360679775
41 09 2.2360679775
41 10 2.2360679775
41 11 2.2360679775
41 12 2.2360679775
41 13 2.2360679775
41 14 2.2360679775
41 15 2.2360679775
41 16 2.2360679775
41 17 2.2360679775
41 18 2.2360679775
41 19 2.2360679775
41 20 2.2360679775
41 21 1.41421356237
41 22 2.2360679775
41 23 2.2360679775
41 24 2.2360679775
41 25 2.2360679775
41 26 0
41 27 1.0
41 28 2.0
41 29 2.0
41 30 2.0
41 31 2.0
41 32 1.0
41 33 1.0
41 34 1.0
41 35 0
41 36 0
41 37 0
41 38 0
41 39 0
41 40 0
41 41 0
41 42 0
41 43 0
41 44 0
41 45 0
42 01 2.0
42 02 2.0
42 03 2.0
42 04 2.0
42 05 2.0
42 06 2.0
42 07 2.0
42 08 2.0
42 09 2.2360679775
42 10 2.2360679775
42 11 2.2360679775
42 12 2.2360679775
42 13 2.2360679775
42 14 2.2360679775
42 15 2.2360679775
42 16 2.2360679775
42 17 2.0
42 18 1.0
42 19 2.0
42 20 2.2360679775
42 21 2.2360679775
42 22 2.2360679775
42 23 2.2360679775
42 24 2.2360679775
42 25 2.2360679775
42 26 2.0
42 27 1.0
42 28 1.0
42 29 1.0
42 30 1.0
42 31 1.0
42 32 1.0
42 33 1.0
42 34 1.0
42 35 0
42 36 0
42 37 0
42 38 0
42 39 0
42 40 0
42 41 0
42 42 0
42 43 0
42 44 0
42 45 0
43 01 1.0
43 02 2.0
43 03 2.0
43 04 2.0
43 05 2.0
43 06 2.0
43 07 2.0
43 08 2.0
43 09 2.0
43 10 2.0
43 11 2.0
43 12 2.0
43 13 2.0
43 14 2.2360679775
43 15 2.0
43 16 2.0
43 17 2.0
43 18 1.0
43 19 2.0
43 20 2.0
43 21 2.0
43 22 2.2360679775
43 23 2.2360679775
43 24 2.2360679775
43 25 2.0
43 26 2.2360679775
43 27 1.0
43 28 1.0
43 29 1.0
43 30 1.41421356237
43 31 0
43 32 0
43 33 0
43 34 0
43 35 0
43 36 0
43 37 0
43 38 0
43 39 0
43 40 0
43 41 0
43 42 0
43 43 0
43 44 0
43 45 0
44 01 2.0
44 02 2.0
44 03 2.0
44 04 2.0
44 05 2.0
44 06 2.0
44 07 2.0
44 08 2.0
44 09 2.0
44 10 2.0
44 11 2.0
44 12 2.0
44 13 2.0
44 14 2.0
44 15 2.0
44 16 2.0
44 17 2.0
44 18 1.0
44 19 1.41421356237
44 20 1.41421356237
44 21 2.0
44 22 1.41421356237
44 23 1.41421356237
44 24 2.0
44 25 2.0
44 26 2.0
44 27 1.0
44 28 0
44 29 0
44 30 0
44 31 0
44 32 0
44 33 0
44 34 0
44 35 0
44 36 0
44 37 0
44 38 0
44 39 0
44 40 0
44 41 0
44 42 0
44 43 0
44 44 0
44 45 0
45 01 1.0
45 02 2.0
45 03 2.0
45 04 2.0
45 05 2.0
45 06 2.0
45 07 2.0
45 08 2.0
45 09 2.0
45 10 2.0
45 11 2.0
45 12 2.0
45 13 2.0
45 14 2.0
45 15 2.0
45 16 1.0
45 17 1.41421356237
45 18 1.41421356237
45 19 1.41421356237
45 20 1.41421356237
45 21 2.2360679775
45 22 1.41421356237
45 23 1.0
45 24 1.0
45 25 1.0
45 26 1.0
45 27 1.0
45 28 0
45 29 0
45 30 0
45 31 0
45 32 0
45 33 0
45 34 0
45 35 0
45 36 0
45 37 0
45 38 0
45 39 0
45 40 0
45 41 0
45 42 0
45 43 0
45 44 0
45 45 0
