01 01 0
01 02 0
01 03 0
01 04 0
01 05 0
01 06 0
01 07 0
01 08 0
01 09 0
01 10 0
01 11 0
01 12 0
01 13 0
01 14 0
01 15 0
01 16 0
01 17 0
01 18 0
01 19 0
01 20 0
01 21 0
01 22 0
01 23 0
01 24 0
01 25 0
01 26 0
01 27 0
01 28 0
01 29 0
01 30 0
01 31 0
01 32 0
01 33 0
01 34 0
01 35 0
01 36 0
01 37 0
01 38 0
01 39 0
01 40 0
01 41 0
01 42 0
01 43 0
01 44 0
01 45 0
02 01 0
02 02 0
02 03 0
02 04 0
02 05 0
02 06 0
02 07 0
02 08 0
02 09 0
02 10 0
02 11 0
02 12 0
02 13 0
02 14 0
02 15 0
02 16 0
02 17 0
02 18 0
02 19 0
02 20 0
02 21 0
02 22 0
02 23 0
02 24 0
02 25 0
02 26 0
02 27 0
02 28 0
02 29 0
02 30 0
02 31 0
02 32 0
02 33 0
02 34 0
02 35 0
02 36 0
02 37 0
02 38 0
02 39 0
02 40 0
02 41 0
02 42 0
02 43 0
02 44 0
02 45 0
03 01 0
03 02 0
03 03 0
03 04 0
03 05 0
03 06 0
03 07 0
03 08 0
03 09 0
03 10 0
03 11 0
03 12 0
03 13 0
03 14 0
03 15 0
03 16 0
03 17 0
03 18 0
03 19 0
03 20 0
03 21 0
03 22 0
03 23 0
03 24 0
03 25 0
03 26 0
03 27 0
03 28 0
03 29 0
03 30 0
03 31 0
03 32 0
03 33 0
03 34 0
03 35 0
03 36 0
03 37 0
03 38 0
03 39 0
03 40 0
03 41 0
03 42 0
03 43 0
03 44 0
03 45 0
04 01 0
04 02 0
04 03 0
04 04 0
04 05 0
04 06 0
04 07 0
04 08 0
04 09 0
04 10 0
04 11 0
04 12 0
04 13 0
04 14 0
04 15 0
04 16 0
04 17 0
04 18 0
04 19 0
04 20 0
04 21 0
04 22 0
04 23 0
04 24 0
04 25 0
04 26 0
04 27 0
04 28 0
04 29 0
04 30 0
04 31 0
04 32 0
04 33 0
04 34 0
04 35 0
04 36 0
04 37 0
04 38 0
04 39 0
04 40 0
04 41 0
04 42 0
04 43 0
04 44 0
04 45 0
05 01 0
05 02 0
05 03 0
05 04 0
05 05 0
05 06 0
05 07 0
05 08 0
05 09 0
05 10 0
05 11 0
05 12 0
05 13 0
05 14 0
05 15 0
05 16 0
05 17 0
05 18 0
05 19 0
05 20 0
05 21 0
05 22 0
05 23 0
05 24 0
05 25 0
05 26 0
05 27 0
05 28 0
05 29 0
05 30 0
05 31 0
05 32 0
05 33 0
05 34 0
05 35 0
05 36 0
05 37 0
05 38 0
05 39 0
05 40 0
05 41 0
05 42 0
05 43 0
05 44 0
05 45 0
06 01 0
06 02 0
06 03 0
06 04 0
06 05 0
06 06 0
06 07 0
06 08 0
06 09 0
06 10 0
06 11 0
06 12 0
06 13 0
06 14 0
06 15 0
06 16 0
06 17 0
06 18 0
06 19 0
06 20 0
06 21 0
06 22 0
06 23 0
06 24 0
06 25 0
06 26 0
06 27 0
06 28 0
06 29 0
06 30 0
06 31 0
06 32 0
06 33 0
06 34 0
06 35 0
06 36 0
06 37 0
06 38 0
06 39 0
06 40 0
06 41 0
06 42 0
06 43 0
06 44 0
06 45 0
07 01 0
07 02 0
07 03 0
07 04 1.0
07 05 1.0
07 06 0
07 07 0
07 08 0
07 09 0
07 10 0
07 11 0
07 12 0
07 13 0
07 14 0
07 15 0
07 16 0
07 17 0
07 18 0
07 19 0
07 20 0
07 21 0
07 22 0
07 23 0
07 24 0
07 25 0
07 26 0
07 27 0
07 28 0
07 29 0
07 30 0
07 31 0
07 32 0
07 33 0
07 34 0
07 35 0
07 36 0
07 37 0
07 38 0
07 39 0
07 40 0
07 41 0
07 42 0
07 43 0
07 44 0
07 45 0
08 01 1.0
08 02 1.0
08 03 1.0
08 04 1.0
08 05 0
08 06 1.0
08 07 1.41421356237
08 08 1.41421356237
08 09 0
08 10 1.0
08 11 1.0
08 12 0
08 13 0
08 14 0
08 15 0
08 16 0
08 17 0
08 18 0
08 19 0
08 20 0
08 21 0
08 22 0
08 23 0
08 24 0
08 25 0
08 26 0
08 27 0
08 28 0
08 29 0
08 30 0
08 31 0
08 32 0
08 33 0
08 34 0
08 35 0
08 36 0
08 37 0
08 38 0
08 39 0
08 40 0
08 41 0
08 42 0
08 43 0
08 44 0
08 45 0
09 01 1.0
09 02 1.41421356237
09 03 1.41421356237
09 04 1.41421356237
09 05 1.0
09 06 2.2360679775
09 07 2.2360679775
09 08 1.0
09 09 2.2360679775
09 10 2.2360679775
09 11 1.0
09 12 1.0
09 13 1.0
09 14 1.0
09 15 1.0
09 16 1.0
09 17 1.0
09 18 1.0
09 19 0
09 20 0
09 21 0
09 22 0
09 23 0
09 24 0
09 25 0
09 26 0
09 27 0
09 28 0
09 29 0
09 30 0
09 31 0
09 32 0
09 33 0
09 34 0
09 35 0
09 36 0
09 37 0
09 38 0
09 39 0
09 40 0
09 41 0
09 42 0
09 43 0
09 44 0
09 45 0
10 01 1.41421356237
10 02 1.41421356237
10 03 1.41421356237
10 04 1.41421356237
10 05 2.2360679775
10 06 2.2360679775
10 07 2.2360679775
10 08 2.2360679775
10 09 2.2360679775
10 10 2.2360679775
10 11 2.2360679775
10 12 2.2360679775
10 13 2.2360679775
10 14 1.41421356237
10 15 1.0
10 16 1.41421356237
10 17 1.41421356237
10 18 1.0
10 19 1.0
10 20 1.0
10 21 1.0
10 22 1.0
10 23 1.0
10 24 0
10 25 0
10 26 0
10 27 0
10 28 0
10 29 0
10 30 0
10 31 0
10 32 0
10 33 0
10 34 0
10 35 0
10 36 0
10 37 0
10 38 0
10 39 0
10 40 0
10 41 0
10 42 0
10 43 0
10 44 0
10 45 0
11 01 1.41421356237
11 02 1.41421356237
11 03 1.41421356237
11 04 2.2360679775
11 05 2.2360679775
11 06 2.2360679775
11 07 2.2360679775
11 08 2.2360679775
11 09 1.41421356237
11 10 1.41421356237
11 11 2.2360679775
11 12 1.41421356237
11 13 1.41421356237
11 14 1.41421356237
11 15 1.41421356237
11 16 1.41421356237
11 17 1.41421356237
11 18 1.41421356237
11 19 1.41421356237
11 20 1.41421356237
11 21 1.41421356237
11 22 1.41421356237
11 23 1.41421356237
11 24 1.0
11 25 1.0
11 26 0
11 27 0
11 28 0
11 29 0
11 30 0
11 31 0
11 32 0
11 33 0
11 34 0
11 35 0
11 36 0
11 37 0
11 38 0
11 39 0
11 40 0
11 41 0
11 42 0
11 43 0
11 44 0
11 45 0
12 01 1.41421356237
12 02 1.41421356237
12 03 1.41421356237
12 04 1.41421356237
12 05 2.2360679775
12 06 2.2360679775
12 07 2.2360679775
12 08 2.2360679775
12 09 2.2360679775
12 10 1.41421356237
12 11 1.41421356237
12 12 1.41421356237
12 13 1.41421356237
12 14 1.41421356237
12 15 1.41421356237
12 16 1.41421356237
12 17 1.41421356237
12 18 1.41421356237
12 19 1.41421356237
12 20 1.41421356237
12 21 1.41421356237
12 22 1.41421356237
12 23 1.41421356237
12 24 1.0
12 25 1.41421356237
12 26 1.0
12 27 0
12 28 0
12 29 0
12 30 0
12 31 0
12 32 0
12 33 0
12 34 0
12 35 0
12 36 0
12 37 0
12 38 0
12 39 0
12 40 0
12 41 0
12 42 0
12 43 0
12 44 0
12 45 0
13 01 1.41421356237
13 02 1.41421356237
13 03 1.41421356237
13 04 2.2360679775
13 05 2.2360679775
13 06 2.2360679775
13 07 2.2360679775
13 08 2.2360679775
13 09 2.2360679775
13 10 1.41421356237
13 11 1.41421356237
13 12 1.41421356237
13 13 1.41421356237
13 14 1.41421356237
13 15 1.41421356237
13 16 1.41421356237
13 17 1.41421356237
13 18 1.41421356237
13 19 1.41421356237
13 20 1.41421356237
13 21 1.41421356237
13 22 1.41421356237
13 23 1.0
13 24 1.41421356237
13 25 1.41421356237
13 26 0
13 27 1.0
13 28 0
13 29 0
13 30 0
13 31 0
13 32 0
13 33 0
13 34 0
13 35 0
13 36 0
13 37 0
13 38 0
13 39 0
13 40 0
13 41 0
13 42 0
13 43 0
13 44 0
13 45 0
14 01 2.2360679775
14 02 2.2360679775
14 03 2.2360679775
14 04 2.2360679775
14 05 2.2360679775
14 06 2.2360679775
14 07 2.2360679775
14 08 2.2360679775
14 09 1.41421356237
14 10 1.41421356237
14 11 1.41421356237
14 12 1.41421356237
14 13 1.41421356237
14 14 1.41421356237
14 15 1.41421356237
14 16 1.41421356237
14 17 1.41421356237
14 18 1.41421356237
14 19 1.41421356237
14 20 2.2360679775
14 21 2.2360679775
14 22 2.2360679775
14 23 1.41421356237
14 24 1.0
14 25 1.0
14 26 0
14 27 1.41421356237
14 28 1.0
14 29 1.0
14 30 0
14 31 0
14 32 0
14 33 0
14 34 0
14 35 0
14 36 0
14 37 0
14 38 0
14 39 0
14 40 0
14 41 0
14 42 0
14 43 0
14 44 0
14 45 0
15 01 2.2360679775
15 02 2.2360679775
15 03 2.2360679775
15 04 2.2360679775
15 05 2.2360679775
15 06 2.2360679775
15 07 2.2360679775
15 08 1.41421356237
15 09 1.41421356237
15 10 1.41421356237
15 11 1.41421356237
15 12 1.41421356237
15 13 1.41421356237
15 14 1.41421356237
15 15 1.41421356237
15 16 1.41421356237
15 17 1.41421356237
15 18 2.2360679775
15 19 2.2360679775
15 20 2.2360679775
15 21 2.2360679775
15 22 2.2360679775
15 23 2.2360679775
15 24 2.0
15 25 1.0
15 26 1.0
15 27 1.0
15 28 2.0
15 29 1.0
15 30 1.0
15 31 0
15 32 0
15 33 0
15 34 0
15 35 0
15 36 0
15 37 0
15 38 0
15 39 0
15 40 0
15 41 0
15 42 0
15 43 0
15 44 0
15 45 0
16 01 2.2360679775
16 02 2.2360679775
16 03 2.2360679775
16 04 2.2360679775
16 05 2.2360679775
16 06 2.2360679775
16 07 1.41421356237
16 08 1.41421356237
16 09 1.41421356237
16 10 1.41421356237
16 11 1.41421356237
16 12 1.41421356237
16 13 1.41421356237
16 14 1.41421356237
16 15 1.41421356237
16 16 1.41421356237
16 17 1.41421356237
16 18 2.2360679775
16 19 2.2360679775
16 20 2.2360679775
16 21 2.2360679775
16 22 2.2360679775
16 23 2.2360679775
16 24 2.2360679775
16 25 1.0
16 26 1.0
16 27 2.0
16 28 1.0
16 29 1.0
16 30 2.0
16 31 0
16 32 0
16 33 0
16 34 0
16 35 0
16 36 0
16 37 0
16 38 0
16 39 0
16 40 0
16 41 0
16 42 0
16 43 0
16 44 0
16 45 0
17 01 2.2360679775
17 02 2.2360679775
17 03 2.2360679775
17 04 2.2360679775
17 05 1.41421356237
17 06 1.41421356237
17 07 1.41421356237
17 08 1.41421356237
17 09 1.41421356237
17 10 1.41421356237
17 11 1.41421356237
17 12 1.41421356237
17 13 1.41421356237
17 14 1.41421356237
17 15 1.41421356237
17 16 1.41421356237
17 17 1.41421356237
17 18 2.2360679775
17 19 2.2360679775
17 20 2.2360679775
17 21 2.2360679775
17 22 2.2360679775
17 23 2.2360679775
17 24 2.2360679775
17 25 1.0
17 26 1.0
17 27 2.0
17 28 1.0
17 29 1.0
17 30 2.0
17 31 0
17 32 0
17 33 0
17 34 0
17 35 0
17 36 0
17 37 0
17 38 0
17 39 0
17 40 0
17 41 0
17 42 0
17 43 0
17 44 1.0
17 45 1.0
18 01 1.41421356237
18 02 2.2360679775
18 03 2.2360679775
18 04 1.41421356237
18 05 1.41421356237
18 06 1.41421356237
18 07 1.41421356237
18 08 2.2360679775
18 09 2.2360679775
18 10 2.2360679775
18 11 1.41421356237
18 12 1.41421356237
18 13 1.41421356237
18 14 1.41421356237
18 15 1.41421356237
18 16 1.41421356237
18 17 1.41421356237
18 18 1.41421356237
18 19 1.41421356237
18 20 2.2360679775
18 21 2.2360679775
18 22 2.2360679775
18 23 2.0
18 24 2.0
18 25 2.0
18 26 1.0
18 27 2.0
18 28 1.0
18 29 1.0
18 30 1.0
18 31 2.0
18 32 1.0
18 33 0
18 34 0
18 35 0
18 36 0
18 37 0
18 38 0
18 39 0
18 40 0
18 41 0
18 42 0
18 43 0
18 44 1.0
18 45 2.0
19 01 2.2360679775
19 02 2.2360679775
19 03 2.2360679775
19 04 1.41421356237
19 05 1.41421356237
19 06 2.2360679775
19 07 2.2360679775
19 08 2.2360679775
19 09 1.41421356237
19 10 1.41421356237
19 11 1.41421356237
19 12 1.41421356237
19 13 1.41421356237
19 14 1.41421356237
19 15 1.41421356237
19 16 1.41421356237
19 17 1.41421356237
19 18 2.82842712475
19 19 1.41421356237
19 20 1.41421356237
19 21 2.2360679775
19 22 2.2360679775
19 23 1.0
19 24 2.0
19 25 1.0
19 26 1.0
19 27 2.0
19 28 1.0
19 29 1.0
19 30 1.0
19 31 2.0
19 32 1.41421356237
19 33 1.0
19 34 0
19 35 0
19 36 0
19 37 0
19 38 0
19 39 0
19 40 0
19 41 0
19 42 1.0
19 43 1.0
19 44 1.0
19 45 2.0
20 01 2.2360679775
20 02 2.2360679775
20 03 2.2360679775
20 04 1.41421356237
20 05 2.2360679775
20 06 2.2360679775
20 07 2.2360679775
20 08 2.2360679775
20 09 2.2360679775
20 10 1.41421356237
20 11 1.41421356237
20 12 2.2360679775
20 13 2.2360679775
20 14 2.2360679775
20 15 2.2360679775
20 16 2.2360679775
20 17 2.2360679775
20 18 2.82842712475
20 19 2.82842712475
20 20 2.0
20 21 2.0
20 22 2.0
20 23 1.0
20 24 2.2360679775
20 25 1.41421356237
20 26 1.0
20 27 2.0
20 28 1.0
20 29 1.0
20 30 1.0
20 31 1.0
20 32 1.0
20 33 1.41421356237
20 34 0
20 35 0
20 36 0
20 37 0
20 38 0
20 39 0
20 40 0
20 41 0
20 42 1.0
20 43 2.0
20 44 2.0
20 45 1.0
21 01 2.2360679775
21 02 2.2360679775
21 03 1.41421356237
21 04 1.41421356237
21 05 2.2360679775
21 06 2.2360679775
21 07 2.2360679775
21 08 2.2360679775
21 09 2.2360679775
21 10 1.41421356237
21 11 1.41421356237
21 12 2.2360679775
21 13 2.2360679775
21 14 2.2360679775
21 15 2.2360679775
21 16 2.2360679775
21 17 1.41421356237
21 18 2.2360679775
21 19 2.2360679775
21 20 2.2360679775
21 21 2.0
21 22 2.0
21 23 2.0
21 24 2.0
21 25 2.0
21 26 2.0
21 27 2.0
21 28 2.0
21 29 2.0
21 30 1.0
21 31 1.0
21 32 1.0
21 33 1.0
21 34 1.0
21 35 0
21 36 0
21 37 0
21 38 0
21 39 0
21 40 0
21 41 2.2360679775
21 42 1.0
21 43 1.0
21 44 2.2360679775
21 45 2.0
22 01 1.41421356237
22 02 1.41421356237
22 03 1.41421356237
22 04 1.41421356237
22 05 2.2360679775
22 06 2.2360679775
22 07 2.2360679775
22 08 2.2360679775
22 09 2.2360679775
22 10 2.2360679775
22 11 2.2360679775
22 12 2.2360679775
22 13 2.2360679775
22 14 2.2360679775
22 15 2.2360679775
22 16 2.2360679775
22 17 2.0
22 18 1.41421356237
22 19 2.0
22 20 1.0
22 21 2.0
22 22 1.0
22 23 2.0
22 24 2.0
22 25 2.0
22 26 2.0
22 27 2.0
22 28 2.0
22 29 2.0
22 30 2.0
22 31 2.0
22 32 1.0
22 33 1.0
22 34 1.0
22 35 0
22 36 0
22 37 0
22 38 0
22 39 0
22 40 1.0
22 41 2.2360679775
22 42 2.2360679775
22 43 1.0
22 44 1.0
22 45 2.0
23 01 1.41421356237
23 02 1.41421356237
23 03 1.41421356237
23 04 1.41421356237
23 05 2.2360679775
23 06 2.2360679775
23 07 2.0
23 08 2.2360679775
23 09 2.2360679775
23 10 2.2360679775
23 11 2.2360679775
23 12 2.2360679775
23 13 2.0
23 14 2.0
23 15 2.2360679775
23 16 2.0
23 17 2.0
23 18 1.0
23 19 2.0
23 20 1.0
23 21 2.0
23 22 1.0
23 23 2.0
23 24 2.0
23 25 2.0
23 26 2.0
23 27 2.0
23 28 2.0
23 29 2.0
23 30 2.0
23 31 2.0
23 32 1.0
23 33 1.0
23 34 1.0
23 35 0
23 36 0
23 37 0
23 38 0
23 39 1.0
23 40 2.2360679775
23 41 2.0
23 42 1.0
23 43 1.0
23 44 1.0
23 45 2.0
24 01 1.0
24 02 1.41421356237
24 03 1.41421356237
24 04 1.41421356237
24 05 1.41421356237
24 06 2.2360679775
24 07 2.2360679775
24 08 2.2360679775
24 09 2.0
24 10 2.0
24 11 2.2360679775
24 12 2.0
24 13 2.0
24 14 1.41421356237
24 15 2.2360679775
24 16 2.2360679775
24 17 2.2360679775
24 18 2.0
24 19 2.0
24 20 1.0
24 21 2.0
24 22 1.0
24 23 2.0
24 24 2.0
24 25 2.0
24 26 2.0
24 27 2.0
24 28 2.0
24 29 2.0
24 30 2.0
24 31 2.0
24 32 1.0
24 33 1.0
24 34 1.0
24 35 0
24 36 0
24 37 0
24 38 0
24 39 1.0
24 40 1.41421356237
24 41 1.0
24 42 1.0
24 43 1.0
24 44 1.0
24 45 1.41421356237
25 01 1.0
25 02 1.0
25 03 1.0
25 04 1.0
25 05 2.2360679775
25 06 2.2360679775
25 07 2.2360679775
25 08 2.2360679775
25 09 2.2360679775
25 10 2.0
25 11 2.0
25 12 2.0
25 13 2.2360679775
25 14 2.2360679775
25 15 1.41421356237
25 16 1.41421356237
25 17 2.2360679775
25 18 1.0
25 19 1.0
25 20 1.0
25 21 2.0
25 22 2.0
25 23 2.0
25 24 2.0
25 25 2.0
25 26 2.0
25 27 2.0
25 28 2.0
25 29 2.0
25 30 2.0
25 31 2.0
25 32 1.0
25 33 1.0
25 34 1.0
25 35 0
25 36 0
25 37 0
25 38 1.0
25 39 1.0
25 40 2.0
25 41 1.0
25 42 2.0
25 43 1.0
25 44 1.0
25 45 2.0
26 01 1.0
26 02 1.0
26 03 1.0
26 04 2.0
26 05 1.41421356237
26 06 1.41421356237
26 07 2.2360679775
26 08 2.0
26 09 2.2360679775
26 10 2.0
26 11 2.0
26 12 1.0
26 13 1.41421356237
26 14 1.41421356237
26 15 1.41421356237
26 16 1.41421356237
26 17 1.41421356237
26 18 1.41421356237
26 19 1.0
26 20 2.0
26 21 2.0
26 22 2.0
26 23 2.0
26 24 2.0
26 25 2.0
26 26 2.0
26 27 2.0
26 28 2.0
26 29 2.0
26 30 2.0
26 31 2.0
26 32 1.0
26 33 1.0
26 34 1.0
26 35 0
26 36 0
26 37 0
26 38 1.0
26 39 1.41421356237
26 40 2.0
26 41 2.0
26 42 2.0
26 43 0
26 44 1.0
26 45 2.0
27 01 1.41421356237
27 02 1.41421356237
27 03 1.41421356237
27 04 1.0
27 05 1.0
27 06 1.0
27 07 2.2360679775
27 08 2.0
27 09 2.2360679775
27 10 2.0
27 11 1.41421356237
27 12 1.41421356237
27 13 1.41421356237
27 14 1.41421356237
27 15 1.41421356237
27 16 1.41421356237
27 17 2.2360679775
27 18 2.2360679775
27 19 1.0
27 20 2.0
27 21 2.0
27 22 2.0
27 23 2.0
27 24 2.0
27 25 2.0
27 26 2.0
27 27 2.0
27 28 1.0
27 29 2.0
27 30 2.0
27 31 2.0
27 32 1.0
27 33 1.0
27 34 0
27 35 0
27 36 0
27 37 0
27 38 0
27 39 1.0
27 40 2.0
27 41 2.0
27 42 2.0
27 43 2.2360679775
27 44 1.0
27 45 2.0
28 01 1.41421356237
28 02 1.41421356237
28 03 1.41421356237
28 04 1.0
28 05 1.41421356237
28 06 1.41421356237
28 07 1.41421356237
28 08 2.2360679775
28 09 2.0
28 10 1.41421356237
28 11 1.41421356237
28 12 1.41421356237
28 13 1.41421356237
28 14 1.41421356237
28 15 1.41421356237
28 16 1.41421356237
28 17 1.41421356237
28 18 2.0
28 19 1.41421356237
28 20 1.0
28 21 2.0
28 22 2.0
28 23 2.0
28 24 1.0
28 25 2.0
28 26 2.0
28 27 2.0
28 28 1.0
28 29 2.0
28 30 2.0
28 31 2.0
28 32 1.0
28 33 1.0
28 34 0
28 35 0
28 36 0
28 37 0
28 38 1.0
28 39 1.0
28 40 2.0
28 41 2.0
28 42 2.0
28 43 2.0
28 44 1.0
28 45 2.0
29 01 1.41421356237
29 02 1.41421356237
29 03 1.41421356237
29 04 1.41421356237
29 05 1.41421356237
29 06 1.41421356237
29 07 2.2360679775
29 08 2.0
29 09 1.41421356237
29 10 1.41421356237
29 11 1.41421356237
29 12 1.41421356237
29 13 1.41421356237
29 14 1.41421356237
29 15 1.41421356237
29 16 1.41421356237
29 17 1.41421356237
29 18 2.2360679775
29 19 1.0
29 20 1.41421356237
29 21 2.2360679775
29 22 2.0
29 23 2.0
29 24 1.0
29 25 2.0
29 26 2.0
29 27 2.0
29 28 2.0
29 29 2.0
29 30 2.0
29 31 2.0
29 32 1.0
29 33 1.0
29 34 0
29 35 0
29 36 0
29 37 0
29 38 1.0
29 39 1.0
29 40 1.41421356237
29 41 2.0
29 42 2.0
29 43 2.0
29 44 1.41421356237
29 45 2.2360679775
30 01 1.41421356237
30 02 1.41421356237
30 03 1.41421356237
30 04 1.41421356237
30 05 1.41421356237
30 06 1.41421356237
30 07 1.41421356237
30 08 1.41421356237
30 09 1.41421356237
30 10 1.41421356237
30 11 1.41421356237
30 12 1.41421356237
30 13 1.41421356237
30 14 1.41421356237
30 15 1.41421356237
30 16 1.41421356237
30 17 2.2360679775
30 18 2.2360679775
30 19 2.2360679775
30 20 1.0
30 21 1.0
30 22 1.0
30 23 1.0
30 24 2.0
30 25 2.0
30 26 2.0
30 27 2.0
30 28 2.0
30 29 1.0
30 30 2.0
30 31 2.0
30 32 2.0
30 33 1.0
30 34 0
30 35 0
30 36 0
30 37 0
30 38 0
30 39 1.0
30 40 2.2360679775
30 41 2.0
30 42 2.0
30 43 2.0
30 44 2.0
30 45 2.0
31 01 2.2360679775
31 02 2.2360679775
31 03 2.2360679775
31 04 2.2360679775
31 05 1.41421356237
31 06 1.41421356237
31 07 1.41421356237
31 08 1.41421356237
31 09 1.41421356237
31 10 1.41421356237
31 11 1.41421356237
31 12 1.41421356237
31 13 1.41421356237
31 14 1.41421356237
31 15 1.41421356237
31 16 1.41421356237
31 17 1.41421356237
31 18 2.2360679775
31 19 2.2360679775
31 20 2.0
31 21 1.0
31 22 1.0
31 23 1.0
31 24 1.0
31 25 2.0
31 26 1.0
31 27 2.0
31 28 1.0
31 29 1.0
31 30 2.0
31 31 1.0
31 32 2.2360679775
31 33 1.0
31 34 0
31 35 0
31 36 0
31 37 0
31 38 0
31 39 0
31 40 0
31 41 1.0
31 42 2.0
31 43 2.0
31 44 2.0
31 45 1.41421356237
32 01 2.2360679775
32 02 2.2360679775
32 03 2.2360679775
32 04 2.2360679775
32 05 2.2360679775
32 06 1.41421356237
32 07 1.41421356237
32 08 1.0
32 09 1.41421356237
32 10 2.2360679775
32 11 2.2360679775
32 12 1.41421356237
32 13 1.41421356237
32 14 1.41421356237
32 15 1.41421356237
32 16 1.41421356237
32 17 1.41421356237
32 18 2.2360679775
32 19 2.2360679775
32 20 2.2360679775
32 21 2.2360679775
32 22 1.0
32 23 1.0
32 24 1.0
32 25 1.0
32 26 2.0
32 27 1.0
32 28 1.0
32 29 1.0
32 30 2.0
32 31 1.0
32 32 1.0
32 33 0
32 34 0
32 35 0
32 36 0
32 37 0
32 38 0
32 39 0
32 40 0
32 41 1.0
32 42 2.0
32 43 2.0
32 44 2.0
32 45 2.0
33 01 2.2360679775
33 02 2.2360679775
33 03 2.2360679775
33 04 2.2360679775
33 05 2.2360679775
33 06 1.41421356237
33 07 1.41421356237
33 08 2.2360679775
33 09 1.41421356237
33 10 2.2360679775
33 11 2.2360679775
33 12 2.2360679775
33 13 2.2360679775
33 14 1.41421356237
33 15 1.41421356237
33 16 1.41421356237
33 17 1.41421356237
33 18 1.41421356237
33 19 2.2360679775
33 20 2.0
33 21 2.2360679775
33 22 1.41421356237
33 23 1.0
33 24 2.0
33 25 1.0
33 26 2.0
33 27 2.0
33 28 2.0
33 29 1.0
33 30 1.0
33 31 1.0
33 32 0
33 33 0
33 34 0
33 35 0
33 36 0
33 37 0
33 38 0
33 39 0
33 40 0
33 41 0
33 42 0
33 43 1.0
33 44 1.0
33 45 1.0
34 01 2.2360679775
34 02 2.2360679775
34 03 2.2360679775
34 04 2.2360679775
34 05 2.0
34 06 2.0
34 07 2.2360679775
34 08 1.41421356237
34 09 1.41421356237
34 10 1.41421356237
34 11 1.41421356237
34 12 1.41421356237
34 13 1.41421356237
34 14 2.2360679775
34 15 2.2360679775
34 16 1.41421356237
34 17 1.41421356237
34 18 1.41421356237
34 19 1.41421356237
34 20 2.0
34 21 1.41421356237
34 22 2.2360679775
34 23 1.41421356237
34 24 2.0
34 25 2.0
34 26 2.0
34 27 2.0
34 28 2.0
34 29 2.0
34 30 2.0
34 31 1.0
34 32 0
34 33 0
34 34 0
34 35 0
34 36 0
34 37 0
34 38 0
34 39 0
34 40 0
34 41 0
34 42 0
34 43 1.0
34 44 1.0
34 45 1.0
35 01 2.2360679775
35 02 2.2360679775
35 03 2.2360679775
35 04 2.2360679775
35 05 2.2360679775
35 06 2.2360679775
35 07 2.2360679775
35 08 1.41421356237
35 09 1.41421356237
35 10 1.41421356237
35 11 1.41421356237
35 12 1.41421356237
35 13 2.2360679775
35 14 2.2360679775
35 15 2.2360679775
35 16 1.41421356237
35 17 1.41421356237
35 18 1.41421356237
35 19 1.41421356237
35 20 2.2360679775
35 21 1.41421356237
35 22 1.41421356237
35 23 2.2360679775
35 24 2.0
35 25 2.0
35 26 2.0
35 27 2.0
35 28 2.0
35 29 2.0
35 30 1.0
35 31 0
35 32 0
35 33 0
35 34 0
35 35 0
35 36 0
35 37 0
35 38 0
35 39 0
35 40 0
35 41 0
35 42 0
35 43 0
35 44 0
35 45 0
36 01 2.2360679775
36 02 2.2360679775
36 03 2.2360679775
36 04 2.2360679775
36 05 2.2360679775
36 06 2.2360679775
36 07 2.2360679775
36 08 2.2360679775
36 09 2.2360679775
36 10 1.41421356237
36 11 1.41421356237
36 12 1.41421356237
36 13 1.41421356237
36 14 1.41421356237
36 15 1.41421356237
36 16 1.41421356237
36 17 1.41421356237
36 18 1.41421356237
36 19 1.41421356237
36 20 2.2360679775
36 21 2.2360679775
36 22 1.41421356237
36 23 2.2360679775
36 24 2.0
36 25 1.0
36 26 1.0
36 27 1.41421356237
36 28 1.0
36 29 1.0
36 30 1.0
36 31 0
36 32 0
36 33 0
36 34 0
36 35 0
36 36 0
36 37 0
36 38 0
36 39 0
36 40 0
36 41 0
36 42 0
36 43 0
36 44 0
36 45 0
37 01 2.2360679775
37 02 2.2360679775
37 03 2.2360679775
37 04 2.2360679775
37 05 2.2360679775
37 06 2.2360679775
37 07 2.2360679775
37 08 2.2360679775
37 09 1.41421356237
37 10 1.41421356237
37 11 1.41421356237
37 12 1.41421356237
37 13 1.41421356237
37 14 1.41421356237
37 15 1.41421356237
37 16 1.41421356237
37 17 1.41421356237
37 18 1.0
37 19 1.41421356237
37 20 1.41421356237
37 21 2.2360679775
37 22 1.41421356237
37 23 1.0
37 24 2.0
37 25 1.0
37 26 1.0
37 27 2.0
37 28 1.0
37 29 0
37 30 0
37 31 0
37 32 0
37 33 0
37 34 0
37 35 0
37 36 0
37 37 0
37 38 0
37 39 0
37 40 0
37 41 0
37 42 0
37 43 0
37 44 0
37 45 0
38 01 2.2360679775
38 02 2.2360679775
38 03 2.2360679775
38 04 2.2360679775
38 05 2.2360679775
38 06 1.41421356237
38 07 1.41421356237
38 08 2.2360679775
38 09 2.2360679775
38 10 2.2360679775
38 11 1.41421356237
38 12 1.41421356237
38 13 1.41421356237
38 14 1.41421356237
38 15 1.41421356237
38 16 2.2360679775
38 17 2.2360679775
38 18 2.0
38 19 1.41421356237
38 20 1.41421356237
38 21 1.0
38 22 1.0
38 23 1.0
38 24 1.0
38 25 1.0
38 26 1.0
38 27 0
38 28 0
38 29 0
38 30 0
38 31 0
38 32 0
38 33 0
38 34 0
38 35 0
38 36 0
38 37 0
38 38 0
38 39 0
38 40 0
38 41 0
38 42 0
38 43 0
38 44 0
38 45 0
39 01 2.2360679775
39 02 2.2360679775
39 03 1.41421356237
39 04 1.0
39 05 1.41421356237
39 06 1.41421356237
39 07 1.0
39 08 1.41421356237
39 09 1.41421356237
39 10 1.41421356237
39 11 2.2360679775
39 12 2.2360679775
39 13 1.41421356237
39 14 1.0
39 15 2.2360679775
39 16 2.2360679775
39 17 1.41421356237
39 18 1.0
39 19 1.0
39 20 1.0
39 21 1.0
39 22 1.0
39 23 1.0
39 24 0
39 25 0
39 26 0
39 27 0
39 28 0
39 29 0
39 30 0
39 31 0
39 32 0
39 33 0
39 34 0
39 35 0
39 36 0
39 37 0
39 38 0
39 39 0
39 40 0
39 41 0
39 42 0
39 43 0
39 44 0
39 45 0
40 01 2.2360679775
40 02 2.2360679775
40 03 2.2360679775
40 04 1.41421356237
40 05 1.0
40 06 1.0
40 07 1.41421356237
40 08 1.41421356237
40 09 1.41421356237
40 10 1.41421356237
40 11 1.41421356237
40 12 2.2360679775
40 13 1.0
40 14 1.0
40 15 1.0
40 16 1.0
40 17 1.0
40 18 1.0
40 19 1.0
40 20 0
40 21 0
40 22 0
40 23 0
40 24 0
40 25 0
40 26 0
40 27 0
40 28 0
40 29 0
40 30 0
40 31 0
40 32 0
40 33 0
40 34 0
40 35 0
40 36 0
40 37 0
40 38 0
40 39 0
40 40 0
40 41 0
40 42 0
40 43 0
40 44 0
40 45 0
41 01 1.41421356237
41 02 1.0
41 03 1.41421356237
41 04 1.41421356237
41 05 1.0
41 06 1.41421356237
41 07 1.0
41 08 1.0
41 09 1.0
41 10 1.0
41 11 1.0
41 12 1.0
41 13 0
41 14 0
41 15 0
41 16 0
41 17 0
41 18 0
41 19 0
41 20 0
41 21 0
41 22 0
41 23 0
41 24 0
41 25 0
41 26 0
41 27 0
41 28 0
41 29 0
41 30 0
41 31 0
41 32 0
41 33 0
41 34 0
41 35 0
41 36 0
41 37 0
41 38 0
41 39 0
41 40 0
41 41 0
41 42 0
41 43 0
41 44 0
41 45 0
42 01 1.0
42 02 1.0
42 03 1.0
42 04 1.0
42 05 1.0
42 06 1.0
42 07 0
42 08 0
42 09 0
42 10 0
42 11 0
42 12 0
42 13 0
42 14 0
42 15 0
42 16 0
42 17 0
42 18 0
42 19 0
42 20 0
42 21 0
42 22 0
42 23 0
42 24 0
42 25 0
42 26 0
42 27 0
42 28 0
42 29 0
42 30 0
42 31 0
42 32 0
42 33 0
42 34 0
42 35 0
42 36 0
42 37 0
42 38 0
42 39 0
42 40 0
42 41 0
42 42 0
42 43 0
42 44 0
42 45 0
43 01 0
43 02 0
43 03 0
43 04 0
43 05 0
43 06 0
43 07 0
43 08 0
43 09 0
43 10 0
43 11 0
43 12 0
43 13 0
43 14 0
43 15 0
43 16 0
43 17 0
43 18 0
43 19 0
43 20 0
43 21 0
43 22 0
43 23 0
43 24 0
43 25 0
43 26 0
43 27 0
43 28 0
43 29 0
43 30 0
43 31 0
43 32 0
43 33 0
43 34 0
43 35 0
43 36 0
43 37 0
43 38 0
43 39 0
43 40 0
43 41 0
43 42 0
43 43 0
43 44 0
43 45 0
44 01 0
44 02 0
44 03 0
44 04 0
44 05 0
44 06 0
44 07 0
44 08 0
44 09 0
44 10 0
44 11 0
44 12 0
44 13 0
44 14 0
44 15 0
44 16 0
44 17 0
44 18 0
44 19 0
44 20 0
44 21 0
44 22 0
44 23 0
44 24 0
44 25 0
44 26 0
44 27 0
44 28 0
44 29 0
44 30 0
44 31 0
44 32 0
44 33 0
44 34 0
44 35 0
44 36 0
44 37 0
44 38 0
44 39 0
44 40 0
44 41 0
44 42 0
44 43 0
44 44 0
44 45 0
45 01 0
45 02 0
45 03 0
45 04 0
45 05 0
45 06 0
45 07 0
45 08 0
45 09 0
45 10 0
45 11 0
45 12 0
45 13 0
45 14 0
45 15 0
45 16 0
45 17 0
45 18 0
45 19 0
45 20 0
45 21 0
45 22 0
45 23 0
45 24 0
45 25 0
45 26 0
45 27 0
45 28 0
45 29 0
45 30 0
45 31 0
45 32 0
45 33 0
45 34 0
45 35 0
45 36 0
45 37 0
45 38 0
45 39 0
45 40 0
45 41 0
45 42 0
45 43 0
45 44 0
45 45 0
