01 01 1.0
01 02 1.0
01 03 1.0
01 04 1.0
01 05 1.41421356237
01 06 1.0
01 07 0
01 08 0
01 09 0
01 10 0
01 11 0
01 12 0
01 13 0
01 14 0
01 15 0
01 16 0
01 17 0
01 18 0
01 19 0
01 20 0
01 21 0
01 22 0
01 23 0
01 24 0
01 25 0
01 26 0
01 27 0
01 28 0
01 29 0
01 30 0
01 31 0
01 32 0
01 33 0
01 34 0
01 35 0
01 36 0
01 37 0
01 38 0
01 39 0
01 40 0
01 41 0
01 42 0
01 43 0
01 44 0
01 45 0
02 01 2.0
02 02 1.0
02 03 1.0
02 04 2.2360679775
02 05 1.41421356237
02 06 2.2360679775
02 07 1.0
02 08 0
02 09 0
02 10 0
02 11 0
02 12 0
02 13 0
02 14 0
02 15 0
02 16 0
02 17 0
02 18 0
02 19 0
02 20 0
02 21 0
02 22 0
02 23 0
02 24 0
02 25 0
02 26 0
02 27 0
02 28 0
02 29 0
02 30 0
02 31 0
02 32 0
02 33 0
02 34 0
02 35 0
02 36 0
02 37 0
02 38 0
02 39 0
02 40 0
02 41 0
02 42 0
02 43 0
02 44 0
02 45 0
03 01 1.0
03 02 1.0
03 03 2.0
03 04 2.0
03 05 1.0
03 06 1.0
03 07 1.41421356237
03 08 1.0
03 09 0
03 10 0
03 11 0
03 12 0
03 13 0
03 14 0
03 15 0
03 16 0
03 17 0
03 18 0
03 19 0
03 20 0
03 21 0
03 22 0
03 23 0
03 24 0
03 25 0
03 26 0
03 27 0
03 28 0
03 29 0
03 30 0
03 31 0
03 32 0
03 33 0
03 34 0
03 35 0
03 36 0
03 37 0
03 38 0
03 39 0
03 40 0
03 41 0
03 42 0
03 43 0
03 44 0
03 45 0
04 01 2.2360679775
04 02 1.0
04 03 1.0
04 04 1.0
04 05 1.41421356237
04 06 2.0
04 07 1.0
04 08 1.0
04 09 0
04 10 0
04 11 0
04 12 0
04 13 0
04 14 0
04 15 0
04 16 0
04 17 0
04 18 0
04 19 0
04 20 0
04 21 0
04 22 0
04 23 0
04 24 0
04 25 0
04 26 0
04 27 0
04 28 0
04 29 0
04 30 0
04 31 0
04 32 0
04 33 0
04 34 0
04 35 0
04 36 0
04 37 0
04 38 0
04 39 0
04 40 0
04 41 0
04 42 0
04 43 0
04 44 0
04 45 0
05 01 1.0
05 02 1.0
05 03 2.2360679775
05 04 0
05 05 1.0
05 06 1.0
05 07 0
05 08 0
05 09 0
05 10 0
05 11 0
05 12 0
05 13 0
05 14 0
05 15 0
05 16 0
05 17 0
05 18 0
05 19 0
05 20 0
05 21 0
05 22 0
05 23 0
05 24 0
05 25 0
05 26 0
05 27 0
05 28 0
05 29 0
05 30 0
05 31 0
05 32 0
05 33 0
05 34 0
05 35 0
05 36 0
05 37 0
05 38 0
05 39 0
05 40 0
05 41 0
05 42 0
05 43 0
05 44 0
05 45 0
06 01 2.0
06 02 1.0
06 03 1.41421356237
06 04 1.0
06 05 1.0
06 06 0
06 07 0
06 08 0
06 09 0
06 10 0
06 11 0
06 12 0
06 13 0
06 14 0
06 15 0
06 16 0
06 17 1.0
06 18 1.0
06 19 1.0
06 20 0
06 21 0
06 22 0
06 23 0
06 24 0
06 25 0
06 26 0
06 27 0
06 28 0
06 29 0
06 30 0
06 31 0
06 32 0
06 33 0
06 34 0
06 35 0
06 36 0
06 37 0
06 38 0
06 39 0
06 40 0
06 41 0
06 42 0
06 43 0
06 44 0
06 45 0
07 01 1.0
07 02 1.0
07 03 1.0
07 04 2.2360679775
07 05 1.41421356237
07 06 0
07 07 0
07 08 0
07 09 0
07 10 0
07 11 0
07 12 0
07 13 0
07 14 0
07 15 1.0
07 16 1.0
07 17 1.0
07 18 1.0
07 19 1.0
07 20 0
07 21 0
07 22 0
07 23 0
07 24 0
07 25 0
07 26 0
07 27 0
07 28 1.0
07 29 1.0
07 30 0
07 31 0
07 32 0
07 33 0
07 34 0
07 35 0
07 36 0
07 37 0
07 38 0
07 39 0
07 40 0
07 41 0
07 42 0
07 43 0
07 44 0
07 45 0
08 01 1.0
08 02 1.0
08 03 2.2360679775
08 04 1.41421356237
08 05 1.0
08 06 0
08 07 0
08 08 1.0
08 09 1.41421356237
08 10 1.0
08 11 1.41421356237
08 12 1.0
08 13 0
08 14 0
08 15 1.0
08 16 2.2360679775
08 17 1.0
08 18 0
08 19 0
08 20 0
08 21 0
08 22 0
08 23 0
08 24 0
08 25 0
08 26 0
08 27 0
08 28 1.0
08 29 1.0
08 30 0
08 31 0
08 32 0
08 33 0
08 34 0
08 35 0
08 36 0
08 37 0
08 38 0
08 39 0
08 40 0
08 41 0
08 42 0
08 43 0
08 44 0
08 45 0
09 01 1.0
09 02 2.2360679775
09 03 1.0
09 04 1.0
09 05 0
09 06 0
09 07 0
09 08 1.0
09 09 2.2360679775
09 10 1.0
09 11 1.41421356237
09 12 1.0
09 13 0
09 14 0
09 15 0
09 16 1.0
09 17 1.0
09 18 0
09 19 0
09 20 0
09 21 0
09 22 0
09 23 0
09 24 1.0
09 25 1.0
09 26 0
09 27 0
09 28 0
09 29 0
09 30 0
09 31 0
09 32 0
09 33 0
09 34 0
09 35 0
09 36 0
09 37 0
09 38 0
09 39 0
09 40 0
09 41 0
09 42 0
09 43 0
09 44 0
09 45 0
10 01 1.0
10 02 1.0
10 03 0
10 04 0
10 05 0
10 06 0
10 07 0
10 08 0
10 09 0
10 10 0
10 11 1.0
10 12 1.0
10 13 0
10 14 0
10 15 0
10 16 0
10 17 0
10 18 0
10 19 0
10 20 0
10 21 0
10 22 0
10 23 0
10 24 1.0
10 25 1.0
10 26 0
10 27 0
10 28 0
10 29 0
10 30 0
10 31 0
10 32 0
10 33 1.0
10 34 1.0
10 35 1.0
10 36 1.0
10 37 0
10 38 1.0
10 39 1.0
10 40 0
10 41 0
10 42 0
10 43 0
10 44 0
10 45 0
11 01 0
11 02 2.0
11 03 0
11 04 0
11 05 1.0
11 06 1.0
11 07 0
11 08 0
11 09 0
11 10 0
11 11 1.0
11 12 1.0
11 13 0
11 14 0
11 15 1.0
11 16 1.0
11 17 0
11 18 0
11 19 0
11 20 1.0
11 21 1.0
11 22 0
11 23 0
11 24 0
11 25 0
11 26 0
11 27 1.0
11 28 1.0
11 29 1.0
11 30 1.0
11 31 1.0
11 32 1.0
11 33 1.41421356237
11 34 1.41421356237
11 35 1.0
11 36 1.0
11 37 1.0
11 38 1.0
11 39 1.0
11 40 1.41421356237
11 41 1.0
11 42 1.0
11 43 1.0
11 44 1.0
11 45 1.0
12 01 1.0
12 02 1.0
12 03 0
12 04 0
12 05 1.0
12 06 1.0
12 07 0
12 08 0
12 09 0
12 10 0
12 11 1.0
12 12 1.0
12 13 0
12 14 0
12 15 1.0
12 16 1.0
12 17 0
12 18 0
12 19 0
12 20 1.41421356237
12 21 1.0
12 22 1.0
12 23 1.41421356237
12 24 1.0
12 25 1.0
12 26 1.0
12 27 1.41421356237
12 28 1.41421356237
12 29 1.41421356237
12 30 1.41421356237
12 31 1.41421356237
12 32 1.41421356237
12 33 1.41421356237
12 34 1.41421356237
12 35 1.41421356237
12 36 2.2360679775
12 37 2.2360679775
12 38 1.41421356237
12 39 1.41421356237
12 40 1.41421356237
12 41 1.41421356237
12 42 1.41421356237
12 43 1.41421356237
12 44 1.41421356237
12 45 1.41421356237
13 01 1.0
13 02 1.41421356237
13 03 1.41421356237
13 04 0
13 05 0
13 06 0
13 07 0
13 08 0
13 09 0
13 10 0
13 11 0
13 12 0
13 13 0
13 14 0
13 15 0
13 16 2.0
13 17 1.0
13 18 1.0
13 19 1.0
13 20 1.41421356237
13 21 1.41421356237
13 22 1.41421356237
13 23 1.41421356237
13 24 1.41421356237
13 25 1.41421356237
13 26 1.41421356237
13 27 1.41421356237
13 28 1.41421356237
13 29 1.41421356237
13 30 1.41421356237
13 31 1.41421356237
13 32 1.41421356237
13 33 1.41421356237
13 34 1.41421356237
13 35 1.41421356237
13 36 2.2360679775
13 37 1.41421356237
13 38 1.41421356237
13 39 1.41421356237
13 40 1.41421356237
13 41 1.41421356237
13 42 1.41421356237
13 43 1.41421356237
13 44 1.41421356237
13 45 1.41421356237
14 01 1.0
14 02 1.41421356237
14 03 1.0
14 04 0
14 05 0
14 06 0
14 07 0
14 08 1.0
14 09 1.0
14 10 0
14 11 0
14 12 0
14 13 0
14 14 0
14 15 1.0
14 16 1.0
14 17 1.41421356237
14 18 1.41421356237
14 19 1.41421356237
14 20 1.41421356237
14 21 1.41421356237
14 22 1.41421356237
14 23 1.41421356237
14 24 1.41421356237
14 25 1.41421356237
14 26 1.41421356237
14 27 1.41421356237
14 28 1.41421356237
14 29 1.41421356237
14 30 1.41421356237
14 31 1.41421356237
14 32 1.41421356237
14 33 1.41421356237
14 34 1.41421356237
14 35 1.41421356237
14 36 1.41421356237
14 37 1.41421356237
14 38 1.41421356237
14 39 1.41421356237
14 40 1.41421356237
14 41 1.41421356237
14 42 1.41421356237
14 43 1.41421356237
14 44 1.41421356237
14 45 1.41421356237
15 01 1.0
15 02 2.2360679775
15 03 0
15 04 0
15 05 0
15 06 0
15 07 0
15 08 1.0
15 09 1.0
15 10 0
15 11 0
15 12 1.0
15 13 1.0
15 14 1.0
15 15 1.0
15 16 1.41421356237
15 17 1.41421356237
15 18 1.41421356237
15 19 1.41421356237
15 20 1.41421356237
15 21 1.41421356237
15 22 1.41421356237
15 23 1.41421356237
15 24 1.41421356237
15 25 1.41421356237
15 26 1.41421356237
15 27 1.41421356237
15 28 1.41421356237
15 29 1.41421356237
15 30 1.41421356237
15 31 1.41421356237
15 32 1.41421356237
15 33 1.41421356237
15 34 1.41421356237
15 35 1.41421356237
15 36 1.41421356237
15 37 1.41421356237
15 38 1.41421356237
15 39 1.41421356237
15 40 1.41421356237
15 41 1.41421356237
15 42 1.41421356237
15 43 1.41421356237
15 44 1.41421356237
15 45 1.41421356237
16 01 2.0
16 02 2.2360679775
16 03 1.0
16 04 1.0
16 05 1.0
16 06 1.0
16 07 1.0
16 08 2.2360679775
16 09 1.0
16 10 0
16 11 1.0
16 12 1.0
16 13 1.41421356237
16 14 1.41421356237
16 15 1.41421356237
16 16 1.41421356237
16 17 1.41421356237
16 18 1.41421356237
16 19 1.41421356237
16 20 1.41421356237
16 21 1.41421356237
16 22 1.41421356237
16 23 1.41421356237
16 24 1.41421356237
16 25 1.41421356237
16 26 1.41421356237
16 27 1.41421356237
16 28 1.41421356237
16 29 1.41421356237
16 30 1.41421356237
16 31 1.41421356237
16 32 1.41421356237
16 33 1.41421356237
16 34 1.41421356237
16 35 1.41421356237
16 36 1.41421356237
16 37 1.41421356237
16 38 1.41421356237
16 39 1.41421356237
16 40 1.41421356237
16 41 1.41421356237
16 42 1.41421356237
16 43 1.41421356237
16 44 1.41421356237
16 45 1.41421356237
17 01 1.41421356237
17 02 1.41421356237
17 03 1.41421356237
17 04 1.41421356237
17 05 1.0
17 06 0
17 07 1.0
17 08 1.0
17 09 0
17 10 1.0
17 11 1.0
17 12 1.41421356237
17 13 1.41421356237
17 14 1.41421356237
17 15 1.41421356237
17 16 1.41421356237
17 17 1.41421356237
17 18 1.41421356237
17 19 1.41421356237
17 20 1.41421356237
17 21 1.41421356237
17 22 1.41421356237
17 23 1.41421356237
17 24 1.41421356237
17 25 1.41421356237
17 26 1.41421356237
17 27 1.41421356237
17 28 1.41421356237
17 29 1.41421356237
17 30 1.41421356237
17 31 1.41421356237
17 32 1.41421356237
17 33 1.41421356237
17 34 1.41421356237
17 35 1.41421356237
17 36 1.41421356237
17 37 1.41421356237
17 38 1.41421356237
17 39 1.41421356237
17 40 1.41421356237
17 41 1.41421356237
17 42 1.41421356237
17 43 1.41421356237
17 44 1.41421356237
17 45 1.41421356237
18 01 1.0
18 02 1.41421356237
18 03 1.41421356237
18 04 0
18 05 2.0
18 06 0
18 07 0
18 08 0
18 09 1.41421356237
18 10 1.0
18 11 1.41421356237
18 12 1.41421356237
18 13 1.41421356237
18 14 2.2360679775
18 15 1.0
18 16 1.41421356237
18 17 1.41421356237
18 18 1.41421356237
18 19 1.41421356237
18 20 1.41421356237
18 21 1.41421356237
18 22 1.41421356237
18 23 1.41421356237
18 24 1.41421356237
18 25 1.41421356237
18 26 1.41421356237
18 27 1.41421356237
18 28 1.41421356237
18 29 1.41421356237
18 30 1.41421356237
18 31 1.41421356237
18 32 1.41421356237
18 33 1.41421356237
18 34 1.41421356237
18 35 1.41421356237
18 36 1.41421356237
18 37 1.41421356237
18 38 1.41421356237
18 39 1.41421356237
18 40 1.41421356237
18 41 1.41421356237
18 42 1.41421356237
18 43 1.41421356237
18 44 1.41421356237
18 45 1.41421356237
19 01 0
19 02 1.41421356237
19 03 1.41421356237
19 04 1.0
19 05 1.41421356237
19 06 0
19 07 0
19 08 1.0
19 09 1.0
19 10 1.41421356237
19 11 1.41421356237
19 12 1.41421356237
19 13 1.41421356237
19 14 1.41421356237
19 15 1.41421356237
19 16 1.41421356237
19 17 1.41421356237
19 18 1.41421356237
19 19 1.41421356237
19 20 1.41421356237
19 21 1.41421356237
19 22 1.41421356237
19 23 1.41421356237
19 24 1.41421356237
19 25 1.41421356237
19 26 1.41421356237
19 27 1.41421356237
19 28 1.41421356237
19 29 1.41421356237
19 30 1.41421356237
19 31 1.41421356237
19 32 1.41421356237
19 33 1.41421356237
19 34 1.41421356237
19 35 1.41421356237
19 36 1.41421356237
19 37 1.41421356237
19 38 1.41421356237
19 39 1.41421356237
19 40 1.41421356237
19 41 1.41421356237
19 42 1.41421356237
19 43 1.41421356237
19 44 1.0
19 45 1.41421356237
20 01 0
20 02 0
20 03 0
20 04 0
20 05 0
20 06 0
20 07 0
20 08 1.0
20 09 1.41421356237
20 10 1.41421356237
20 11 1.41421356237
20 12 1.41421356237
20 13 1.41421356237
20 14 1.41421356237
20 15 1.41421356237
20 16 1.41421356237
20 17 1.41421356237
20 18 1.41421356237
20 19 1.41421356237
20 20 1.41421356237
20 21 1.41421356237
20 22 1.41421356237
20 23 1.41421356237
20 24 1.41421356237
20 25 1.41421356237
20 26 1.41421356237
20 27 1.41421356237
20 28 1.41421356237
20 29 1.41421356237
20 30 1.41421356237
20 31 1.41421356237
20 32 1.41421356237
20 33 1.41421356237
20 34 1.41421356237
20 35 1.41421356237
20 36 1.41421356237
20 37 1.41421356237
20 38 1.41421356237
20 39 1.41421356237
20 40 1.41421356237
20 41 1.41421356237
20 42 1.41421356237
20 43 2.2360679775
20 44 1.41421356237
20 45 1.41421356237
21 01 1.41421356237
21 02 1.41421356237
21 03 2.82842712475
21 04 1.0
21 05 0
21 06 0
21 07 0
21 08 1.0
21 09 1.41421356237
21 10 1.0
21 11 1.41421356237
21 12 1.41421356237
21 13 1.41421356237
21 14 1.41421356237
21 15 1.41421356237
21 16 1.41421356237
21 17 1.41421356237
21 18 1.41421356237
21 19 1.41421356237
21 20 1.41421356237
21 21 1.41421356237
21 22 1.41421356237
21 23 1.41421356237
21 24 1.41421356237
21 25 1.41421356237
21 26 1.41421356237
21 27 1.41421356237
21 28 1.41421356237
21 29 1.41421356237
21 30 1.41421356237
21 31 1.41421356237
21 32 1.41421356237
21 33 1.41421356237
21 34 1.41421356237
21 35 1.41421356237
21 36 1.41421356237
21 37 1.41421356237
21 38 1.41421356237
21 39 1.41421356237
21 40 1.41421356237
21 41 1.41421356237
21 42 1.41421356237
21 43 1.41421356237
21 44 1.41421356237
21 45 1.41421356237
22 01 1.0
22 02 1.41421356237
22 03 2.2360679775
22 04 1.41421356237
22 05 0
22 06 0
22 07 0
22 08 1.0
22 09 1.0
22 10 2.2360679775
22 11 1.41421356237
22 12 1.41421356237
22 13 1.41421356237
22 14 1.41421356237
22 15 1.41421356237
22 16 1.41421356237
22 17 1.41421356237
22 18 1.41421356237
22 19 2.2360679775
22 20 1.41421356237
22 21 1.41421356237
22 22 1.41421356237
22 23 1.41421356237
22 24 1.41421356237
22 25 1.41421356237
22 26 1.41421356237
22 27 1.41421356237
22 28 1.41421356237
22 29 1.41421356237
22 30 1.41421356237
22 31 1.41421356237
22 32 1.41421356237
22 33 1.41421356237
22 34 1.41421356237
22 35 1.41421356237
22 36 2.2360679775
22 37 1.41421356237
22 38 1.41421356237
22 39 1.41421356237
22 40 1.41421356237
22 41 1.41421356237
22 42 1.41421356237
22 43 1.41421356237
22 44 1.41421356237
22 45 1.41421356237
23 01 1.41421356237
23 02 1.41421356237
23 03 0
23 04 0
23 05 0
23 06 0
23 07 1.0
23 08 1.41421356237
23 09 1.41421356237
23 10 1.41421356237
23 11 1.41421356237
23 12 1.41421356237
23 13 1.41421356237
23 14 1.41421356237
23 15 1.41421356237
23 16 1.41421356237
23 17 1.41421356237
23 18 1.41421356237
23 19 2.2360679775
23 20 1.41421356237
23 21 1.41421356237
23 22 1.41421356237
23 23 1.41421356237
23 24 1.41421356237
23 25 1.41421356237
23 26 1.41421356237
23 27 1.41421356237
23 28 1.41421356237
23 29 1.41421356237
23 30 1.41421356237
23 31 2.2360679775
23 32 2.2360679775
23 33 2.2360679775
23 34 2.2360679775
23 35 2.2360679775
23 36 2.2360679775
23 37 2.2360679775
23 38 1.41421356237
23 39 1.41421356237
23 40 1.41421356237
23 41 1.41421356237
23 42 1.41421356237
23 43 1.41421356237
23 44 1.41421356237
23 45 1.41421356237
24 01 1.41421356237
24 02 2.2360679775
24 03 1.0
24 04 1.0
24 05 1.0
24 06 2.0
24 07 1.0
24 08 1.41421356237
24 09 1.41421356237
24 10 1.41421356237
24 11 1.41421356237
24 12 1.41421356237
24 13 1.41421356237
24 14 1.41421356237
24 15 1.41421356237
24 16 1.41421356237
24 17 1.41421356237
24 18 1.41421356237
24 19 1.41421356237
24 20 1.41421356237
24 21 1.41421356237
24 22 1.41421356237
24 23 2.2360679775
24 24 2.2360679775
24 25 1.41421356237
24 26 1.41421356237
24 27 1.41421356237
24 28 1.41421356237
24 29 1.41421356237
24 30 1.41421356237
24 31 1.41421356237
24 32 1.41421356237
24 33 2.2360679775
24 34 2.2360679775
24 35 2.2360679775
24 36 2.2360679775
24 37 2.2360679775
24 38 2.2360679775
24 39 2.2360679775
24 40 2.2360679775
24 41 2.2360679775
24 42 2.2360679775
24 43 2.2360679775
24 44 2.2360679775
24 45 2.2360679775
25 01 1.41421356237
25 02 2.0
25 03 1.0
25 04 1.0
25 05 1.0
25 06 1.0
25 07 1.0
25 08 1.41421356237
25 09 1.41421356237
25 10 1.41421356237
25 11 1.41421356237
25 12 1.41421356237
25 13 1.41421356237
25 14 1.41421356237
25 15 1.41421356237
25 16 1.41421356237
25 17 1.41421356237
25 18 1.41421356237
25 19 1.41421356237
25 20 1.41421356237
25 21 1.41421356237
25 22 2.2360679775
25 23 1.41421356237
25 24 2.2360679775
25 25 2.2360679775
25 26 2.2360679775
25 27 1.41421356237
25 28 1.41421356237
25 29 2.2360679775
25 30 1.41421356237
25 31 1.41421356237
25 32 2.2360679775
25 33 2.2360679775
25 34 1.41421356237
25 35 2.2360679775
25 36 1.41421356237
25 37 1.41421356237
25 38 1.41421356237
25 39 1.41421356237
25 40 2.2360679775
25 41 2.2360679775
25 42 2.2360679775
25 43 2.2360679775
25 44 2.2360679775
25 45 2.2360679775
26 01 1.41421356237
26 02 2.2360679775
26 03 1.0
26 04 1.0
26 05 1.0
26 06 1.41421356237
26 07 1.0
26 08 1.41421356237
26 09 1.41421356237
26 10 1.41421356237
26 11 1.41421356237
26 12 2.2360679775
26 13 1.0
26 14 1.41421356237
26 15 1.41421356237
26 16 1.41421356237
26 17 1.41421356237
26 18 1.41421356237
26 19 1.41421356237
26 20 2.2360679775
26 21 2.2360679775
26 22 1.41421356237
26 23 2.2360679775
26 24 2.2360679775
26 25 2.2360679775
26 26 2.2360679775
26 27 2.2360679775
26 28 1.41421356237
26 29 1.41421356237
26 30 1.41421356237
26 31 1.41421356237
26 32 1.41421356237
26 33 1.41421356237
26 34 1.41421356237
26 35 1.41421356237
26 36 1.41421356237
26 37 2.2360679775
26 38 2.2360679775
26 39 2.2360679775
26 40 2.2360679775
26 41 2.2360679775
26 42 2.2360679775
26 43 2.2360679775
26 44 2.2360679775
26 45 1.41421356237
27 01 2.2360679775
27 02 2.2360679775
27 03 1.0
27 04 2.0
27 05 1.0
27 06 1.41421356237
27 07 1.0
27 08 1.41421356237
27 09 1.41421356237
27 10 1.41421356237
27 11 1.41421356237
27 12 1.41421356237
27 13 1.41421356237
27 14 1.41421356237
27 15 1.41421356237
27 16 1.41421356237
27 17 1.41421356237
27 18 1.41421356237
27 19 1.41421356237
27 20 2.2360679775
27 21 1.41421356237
27 22 2.2360679775
27 23 2.2360679775
27 24 2.2360679775
27 25 2.2360679775
27 26 2.2360679775
27 27 1.41421356237
27 28 1.41421356237
27 29 1.41421356237
27 30 1.41421356237
27 31 1.41421356237
27 32 1.41421356237
27 33 1.41421356237
27 34 1.41421356237
27 35 1.41421356237
27 36 1.41421356237
27 37 2.2360679775
27 38 2.2360679775
27 39 2.2360679775
27 40 2.2360679775
27 41 2.2360679775
27 42 1.41421356237
27 43 1.41421356237
27 44 1.41421356237
27 45 1.41421356237
28 01 2.2360679775
28 02 1.41421356237
28 03 0
28 04 0
28 05 1.0
28 06 1.0
28 07 1.0
28 08 1.41421356237
28 09 1.41421356237
28 10 1.41421356237
28 11 1.41421356237
28 12 1.41421356237
28 13 1.41421356237
28 14 1.41421356237
28 15 1.41421356237
28 16 1.41421356237
28 17 1.41421356237
28 18 1.41421356237
28 19 1.41421356237
28 20 2.2360679775
28 21 2.2360679775
28 22 2.2360679775
28 23 2.2360679775
28 24 2.2360679775
28 25 2.2360679775
28 26 2.2360679775
28 27 1.41421356237
28 28 1.41421356237
28 29 1.41421356237
28 30 1.41421356237
28 31 1.41421356237
28 32 1.41421356237
28 33 1.41421356237
28 34 1.41421356237
28 35 1.41421356237
28 36 1.0
28 37 1.41421356237
28 38 2.2360679775
28 39 2.2360679775
28 40 1.41421356237
28 41 1.41421356237
28 42 2.2360679775
28 43 2.2360679775
28 44 1.41421356237
28 45 1.41421356237
29 01 1.0
29 02 2.0
29 03 1.0
29 04 1.0
29 05 1.0
29 06 1.0
29 07 1.41421356237
29 08 1.41421356237
29 09 1.41421356237
29 10 1.41421356237
29 11 1.41421356237
29 12 1.41421356237
29 13 1.41421356237
29 14 1.41421356237
29 15 1.41421356237
29 16 1.41421356237
29 17 1.41421356237
29 18 1.41421356237
29 19 1.41421356237
29 20 1.41421356237
29 21 2.2360679775
29 22 2.2360679775
29 23 2.2360679775
29 24 2.2360679775
29 25 2.2360679775
29 26 1.41421356237
29 27 1.41421356237
29 28 1.41421356237
29 29 2.2360679775
29 30 1.41421356237
29 31 2.2360679775
29 32 1.41421356237
29 33 1.41421356237
29 34 2.2360679775
29 35 2.2360679775
29 36 1.41421356237
29 37 1.41421356237
29 38 1.41421356237
29 39 1.41421356237
29 40 1.41421356237
29 41 2.2360679775
29 42 2.2360679775
29 43 2.2360679775
29 44 1.41421356237
29 45 2.2360679775
30 01 1.41421356237
30 02 1.0
30 03 1.0
30 04 1.0
30 05 1.41421356237
30 06 1.0
30 07 1.41421356237
30 08 1.0
30 09 1.41421356237
30 10 1.41421356237
30 11 1.41421356237
30 12 1.41421356237
30 13 1.41421356237
30 14 1.41421356237
30 15 1.41421356237
30 16 1.41421356237
30 17 1.41421356237
30 18 1.41421356237
30 19 1.41421356237
30 20 1.41421356237
30 21 2.2360679775
30 22 2.2360679775
30 23 2.2360679775
30 24 2.2360679775
30 25 2.2360679775
30 26 1.41421356237
30 27 1.41421356237
30 28 2.2360679775
30 29 2.2360679775
30 30 1.41421356237
30 31 2.2360679775
30 32 1.41421356237
30 33 2.2360679775
30 34 2.2360679775
30 35 2.2360679775
30 36 1.41421356237
30 37 1.41421356237
30 38 2.2360679775
30 39 1.0
30 40 2.2360679775
30 41 1.41421356237
30 42 2.2360679775
30 43 1.41421356237
30 44 1.41421356237
30 45 2.2360679775
31 01 1.0
31 02 1.0
31 03 1.0
31 04 2.0
31 05 1.41421356237
31 06 1.0
31 07 2.0
31 08 1.0
31 09 2.2360679775
31 10 1.41421356237
31 11 1.41421356237
31 12 1.41421356237
31 13 1.41421356237
31 14 1.41421356237
31 15 1.41421356237
31 16 1.41421356237
31 17 1.41421356237
31 18 1.41421356237
31 19 1.41421356237
31 20 2.2360679775
31 21 2.2360679775
31 22 2.2360679775
31 23 2.2360679775
31 24 2.2360679775
31 25 2.2360679775
31 26 2.2360679775
31 27 2.2360679775
31 28 2.2360679775
31 29 2.2360679775
31 30 2.2360679775
31 31 2.2360679775
31 32 2.2360679775
31 33 2.2360679775
31 34 2.2360679775
31 35 2.2360679775
31 36 1.41421356237
31 37 1.41421356237
31 38 1.0
31 39 1.41421356237
31 40 1.41421356237
31 41 1.41421356237
31 42 1.41421356237
31 43 1.41421356237
31 44 1.41421356237
31 45 1.41421356237
32 01 1.0
32 02 1.0
32 03 1.0
32 04 2.0
32 05 1.0
32 06 1.41421356237
32 07 1.0
32 08 2.2360679775
32 09 2.2360679775
32 10 1.41421356237
32 11 1.41421356237
32 12 1.41421356237
32 13 1.41421356237
32 14 1.41421356237
32 15 1.41421356237
32 16 1.41421356237
32 17 1.41421356237
32 18 1.41421356237
32 19 1.41421356237
32 20 2.2360679775
32 21 2.2360679775
32 22 2.2360679775
32 23 2.2360679775
32 24 2.2360679775
32 25 2.2360679775
32 26 2.2360679775
32 27 2.2360679775
32 28 2.2360679775
32 29 2.2360679775
32 30 2.2360679775
32 31 2.2360679775
32 32 2.2360679775
32 33 2.2360679775
32 34 2.2360679775
32 35 2.2360679775
32 36 2.2360679775
32 37 2.2360679775
32 38 1.41421356237
32 39 1.41421356237
32 40 1.41421356237
32 41 1.41421356237
32 42 1.41421356237
32 43 1.41421356237
32 44 1.41421356237
32 45 1.41421356237
33 01 1.0
33 02 1.41421356237
33 03 1.0
33 04 2.0
33 05 1.41421356237
33 06 1.0
33 07 2.0
33 08 1.0
33 09 1.41421356237
33 10 2.2360679775
33 11 2.2360679775
33 12 2.2360679775
33 13 1.41421356237
33 14 1.41421356237
33 15 1.41421356237
33 16 1.41421356237
33 17 1.41421356237
33 18 1.41421356237
33 19 2.2360679775
33 20 1.41421356237
33 21 2.2360679775
33 22 2.2360679775
33 23 2.2360679775
33 24 2.2360679775
33 25 2.0
33 26 2.0
33 27 2.0
33 28 2.0
33 29 2.0
33 30 2.2360679775
33 31 2.2360679775
33 32 2.2360679775
33 33 2.2360679775
33 34 2.0
33 35 2.0
33 36 2.0
33 37 2.2360679775
33 38 1.41421356237
33 39 1.41421356237
33 40 1.41421356237
33 41 1.41421356237
33 42 1.41421356237
33 43 1.41421356237
33 44 1.41421356237
33 45 1.41421356237
34 01 2.0
34 02 1.0
34 03 1.0
34 04 1.41421356237
34 05 1.41421356237
34 06 1.0
34 07 1.0
34 08 1.0
34 09 1.41421356237
34 10 2.2360679775
34 11 2.2360679775
34 12 2.2360679775
34 13 1.41421356237
34 14 1.41421356237
34 15 1.41421356237
34 16 1.41421356237
34 17 1.41421356237
34 18 1.0
34 19 1.41421356237
34 20 1.0
34 21 2.0
34 22 2.0
34 23 2.0
34 24 2.0
34 25 2.0
34 26 2.0
34 27 2.0
34 28 2.0
34 29 2.0
34 30 2.0
34 31 2.0
34 32 2.2360679775
34 33 2.0
34 34 2.0
34 35 2.0
34 36 2.0
34 37 2.0
34 38 2.2360679775
34 39 2.0
34 40 1.0
34 41 1.0
34 42 1.0
34 43 1.0
34 44 1.0
34 45 1.0
35 01 0
35 02 1.0
35 03 1.41421356237
35 04 1.0
35 05 2.2360679775
35 06 1.41421356237
35 07 1.0
35 08 1.0
35 09 2.0
35 10 1.0
35 11 2.0
35 12 2.0
35 13 1.0
35 14 1.41421356237
35 15 1.41421356237
35 16 1.0
35 17 1.0
35 18 1.41421356237
35 19 1.0
35 20 1.0
35 21 1.0
35 22 2.0
35 23 2.0
35 24 2.0
35 25 2.0
35 26 2.0
35 27 2.0
35 28 2.0
35 29 2.0
35 30 2.0
35 31 2.0
35 32 2.0
35 33 2.0
35 34 2.0
35 35 2.0
35 36 2.0
35 37 2.2360679775
35 38 2.2360679775
35 39 1.0
35 40 1.0
35 41 1.0
35 42 1.0
35 43 1.0
35 44 1.0
35 45 2.2360679775
36 01 0
36 02 0
36 03 0
36 04 0
36 05 1.0
36 06 1.0
36 07 1.0
36 08 1.0
36 09 1.0
36 10 2.0
36 11 1.0
36 12 2.0
36 13 1.41421356237
36 14 1.41421356237
36 15 1.41421356237
36 16 1.0
36 17 1.41421356237
36 18 1.41421356237
36 19 1.0
36 20 1.0
36 21 1.0
36 22 2.0
36 23 1.0
36 24 2.0
36 25 2.0
36 26 2.0
36 27 2.0
36 28 2.0
36 29 2.0
36 30 2.0
36 31 2.0
36 32 2.0
36 33 2.0
36 34 2.2360679775
36 35 2.2360679775
36 36 2.2360679775
36 37 2.2360679775
36 38 1.41421356237
36 39 2.2360679775
36 40 1.0
36 41 1.0
36 42 1.41421356237
36 43 1.41421356237
36 44 1.41421356237
36 45 2.0
37 01 1.0
37 02 1.0
37 03 0
37 04 0
37 05 1.0
37 06 1.0
37 07 0
37 08 1.41421356237
37 09 1.0
37 10 2.0
37 11 1.0
37 12 1.0
37 13 1.41421356237
37 14 1.0
37 15 1.0
37 16 1.0
37 17 1.0
37 18 1.0
37 19 2.0
37 20 2.0
37 21 2.0
37 22 1.0
37 23 1.0
37 24 2.0
37 25 2.0
37 26 2.0
37 27 2.0
37 28 2.0
37 29 2.0
37 30 2.2360679775
37 31 2.2360679775
37 32 2.2360679775
37 33 2.2360679775
37 34 2.2360679775
37 35 2.2360679775
37 36 2.2360679775
37 37 2.2360679775
37 38 1.41421356237
37 39 1.41421356237
37 40 1.41421356237
37 41 1.41421356237
37 42 1.41421356237
37 43 1.0
37 44 1.0
37 45 2.2360679775
38 01 1.0
38 02 1.0
38 03 1.0
38 04 1.0
38 05 0
38 06 0
38 07 0
38 08 1.0
38 09 1.0
38 10 1.0
38 11 1.0
38 12 1.0
38 13 1.0
38 14 1.0
38 15 1.0
38 16 1.0
38 17 1.0
38 18 2.0
38 19 2.0
38 20 2.0
38 21 2.0
38 22 1.0
38 23 2.0
38 24 1.0
38 25 2.0
38 26 2.2360679775
38 27 2.0
38 28 2.2360679775
38 29 2.2360679775
38 30 2.2360679775
38 31 2.2360679775
38 32 1.41421356237
38 33 1.41421356237
38 34 2.2360679775
38 35 2.2360679775
38 36 2.2360679775
38 37 1.41421356237
38 38 2.2360679775
38 39 1.41421356237
38 40 1.41421356237
38 41 1.41421356237
38 42 1.41421356237
38 43 1.41421356237
38 44 1.41421356237
38 45 2.2360679775
39 01 1.0
39 02 1.0
39 03 1.0
39 04 1.0
39 05 1.0
39 06 1.0
39 07 1.0
39 08 0
39 09 1.41421356237
39 10 1.0
39 11 1.0
39 12 1.0
39 13 1.0
39 14 1.0
39 15 1.0
39 16 1.0
39 17 1.0
39 18 1.0
39 19 2.0
39 20 2.0
39 21 2.0
39 22 2.0
39 23 2.0
39 24 2.0
39 25 1.0
39 26 2.0
39 27 2.0
39 28 2.2360679775
39 29 2.2360679775
39 30 2.2360679775
39 31 2.2360679775
39 32 2.2360679775
39 33 2.2360679775
39 34 2.2360679775
39 35 1.41421356237
39 36 1.41421356237
39 37 2.2360679775
39 38 2.2360679775
39 39 2.2360679775
39 40 2.2360679775
39 41 1.41421356237
39 42 1.41421356237
39 43 1.41421356237
39 44 1.41421356237
39 45 1.41421356237
40 01 1.0
40 02 1.0
40 03 1.41421356237
40 04 1.0
40 05 1.0
40 06 1.0
40 07 1.0
40 08 1.0
40 09 1.0
40 10 1.0
40 11 2.2360679775
40 12 1.0
40 13 1.0
40 14 1.0
40 15 1.0
40 16 2.0
40 17 2.0
40 18 1.0
40 19 2.0
40 20 1.0
40 21 2.0
40 22 2.0
40 23 2.0
40 24 1.0
40 25 1.0
40 26 1.0
40 27 2.2360679775
40 28 2.2360679775
40 29 2.2360679775
40 30 2.2360679775
40 31 1.41421356237
40 32 2.2360679775
40 33 2.2360679775
40 34 2.2360679775
40 35 2.2360679775
40 36 2.2360679775
40 37 1.41421356237
40 38 1.41421356237
40 39 1.41421356237
40 40 1.41421356237
40 41 1.41421356237
40 42 1.41421356237
40 43 1.41421356237
40 44 1.41421356237
40 45 1.41421356237
41 01 1.0
41 02 1.0
41 03 1.0
41 04 1.0
41 05 1.41421356237
41 06 1.41421356237
41 07 1.0
41 08 1.0
41 09 1.0
41 10 1.0
41 11 1.0
41 12 1.0
41 13 1.41421356237
41 14 1.0
41 15 2.0
41 16 2.0
41 17 2.0
41 18 2.0
41 19 2.0
41 20 1.0
41 21 2.0
41 22 1.0
41 23 2.0
41 24 1.0
41 25 1.0
41 26 2.0
41 27 2.2360679775
41 28 2.2360679775
41 29 2.2360679775
41 30 2.2360679775
41 31 1.41421356237
41 32 1.41421356237
41 33 1.41421356237
41 34 2.2360679775
41 35 2.2360679775
41 36 2.2360679775
41 37 1.41421356237
41 38 1.41421356237
41 39 1.41421356237
41 40 1.41421356237
41 41 1.41421356237
41 42 1.41421356237
41 43 1.41421356237
41 44 1.41421356237
41 45 1.41421356237
42 01 1.0
42 02 1.0
42 03 1.0
42 04 1.0
42 05 1.0
42 06 1.0
42 07 1.0
42 08 1.0
42 09 1.0
42 10 1.0
42 11 1.0
42 12 1.0
42 13 1.0
42 14 1.0
42 15 1.0
42 16 1.0
42 17 2.2360679775
42 18 1.0
42 19 2.0
42 20 1.0
42 21 1.0
42 22 1.0
42 23 1.0
42 24 1.0
42 25 1.41421356237
42 26 1.41421356237
42 27 1.41421356237
42 28 2.2360679775
42 29 2.2360679775
42 30 2.2360679775
42 31 1.41421356237
42 32 1.41421356237
42 33 1.41421356237
42 34 1.41421356237
42 35 2.2360679775
42 36 2.2360679775
42 37 1.41421356237
42 38 1.41421356237
42 39 1.41421356237
42 40 1.41421356237
42 41 1.41421356237
42 42 1.41421356237
42 43 1.41421356237
42 44 1.41421356237
42 45 1.41421356237
43 01 1.0
43 02 1.0
43 03 1.0
43 04 1.0
43 05 1.0
43 06 1.0
43 07 1.0
43 08 1.0
43 09 1.0
43 10 1.0
43 11 1.0
43 12 1.0
43 13 1.0
43 14 2.0
43 15 2.0
43 16 1.0
43 17 1.0
43 18 1.0
43 19 1.0
43 20 1.0
43 21 1.0
43 22 1.0
43 23 1.0
43 24 1.0
43 25 1.41421356237
43 26 1.41421356237
43 27 1.41421356237
43 28 1.41421356237
43 29 1.41421356237
43 30 2.0
43 31 1.41421356237
43 32 1.41421356237
43 33 1.41421356237
43 34 1.41421356237
43 35 1.41421356237
43 36 1.41421356237
43 37 2.2360679775
43 38 1.41421356237
43 39 1.41421356237
43 40 1.41421356237
43 41 1.41421356237
43 42 1.41421356237
43 43 2.2360679775
43 44 2.2360679775
43 45 1.41421356237
44 01 1.0
44 02 1.0
44 03 1.0
44 04 1.0
44 05 1.0
44 06 1.0
44 07 1.0
44 08 1.0
44 09 1.0
44 10 1.0
44 11 1.0
44 12 1.0
44 13 2.0
44 14 2.0
44 15 2.0
44 16 1.0
44 17 1.0
44 18 1.0
44 19 1.0
44 20 1.0
44 21 1.0
44 22 1.0
44 23 1.0
44 24 1.41421356237
44 25 1.41421356237
44 26 1.41421356237
44 27 1.41421356237
44 28 1.41421356237
44 29 1.41421356237
44 30 1.41421356237
44 31 1.41421356237
44 32 1.41421356237
44 33 1.41421356237
44 34 1.41421356237
44 35 1.41421356237
44 36 1.41421356237
44 37 1.41421356237
44 38 2.2360679775
44 39 1.41421356237
44 40 1.41421356237
44 41 1.41421356237
44 42 2.2360679775
44 43 2.0
44 44 1.0
44 45 1.0
45 01 2.0
45 02 1.41421356237
45 03 1.41421356237
45 04 1.0
45 05 1.0
45 06 1.0
45 07 1.0
45 08 1.0
45 09 1.0
45 10 1.0
45 11 1.0
45 12 2.0
45 13 1.0
45 14 1.0
45 15 1.0
45 16 1.0
45 17 1.0
45 18 1.0
45 19 1.0
45 20 2.0
45 21 1.0
45 22 1.0
45 23 1.0
45 24 1.0
45 25 1.0
45 26 1.41421356237
45 27 1.41421356237
45 28 1.41421356237
45 29 1.41421356237
45 30 1.41421356237
45 31 1.41421356237
45 32 1.41421356237
45 33 1.41421356237
45 34 1.41421356237
45 35 1.41421356237
45 36 1.41421356237
45 37 1.41421356237
45 38 1.0
45 39 1.41421356237
45 40 1.0
45 41 1.0
45 42 1.0
45 43 1.0
45 44 1.0
45 45 0
