01 01 0
01 02 0
01 03 0
01 04 0
01 05 0
01 06 0
01 07 0
01 08 0
01 09 0
01 10 0
01 11 0
01 12 0
01 13 0
01 14 0
01 15 0
01 16 0
01 17 0
01 18 0
01 19 0
01 20 0
01 21 0
01 22 0
01 23 0
01 24 0
01 25 0
01 26 0
01 27 0
01 28 0
01 29 0
01 30 0
01 31 0
01 32 0
01 33 0
01 34 0
01 35 0
01 36 0
01 37 0
01 38 0
01 39 0
01 40 0
01 41 0
01 42 0
01 43 0
01 44 0
01 45 0
02 01 0
02 02 0
02 03 0
02 04 0
02 05 0
02 06 0
02 07 0
02 08 0
02 09 0
02 10 0
02 11 0
02 12 0
02 13 0
02 14 0
02 15 0
02 16 0
02 17 0
02 18 0
02 19 0
02 20 0
02 21 0
02 22 0
02 23 0
02 24 0
02 25 0
02 26 0
02 27 0
02 28 0
02 29 0
02 30 0
02 31 0
02 32 0
02 33 0
02 34 0
02 35 0
02 36 0
02 37 0
02 38 0
02 39 0
02 40 0
02 41 0
02 42 0
02 43 0
02 44 0
02 45 0
03 01 0
03 02 0
03 03 0
03 04 0
03 05 0
03 06 0
03 07 0
03 08 0
03 09 0
03 10 0
03 11 0
03 12 0
03 13 0
03 14 0
03 15 0
03 16 0
03 17 0
03 18 0
03 19 0
03 20 0
03 21 0
03 22 0
03 23 0
03 24 0
03 25 0
03 26 0
03 27 0
03 28 0
03 29 0
03 30 0
03 31 0
03 32 0
03 33 0
03 34 0
03 35 0
03 36 0
03 37 0
03 38 0
03 39 0
03 40 0
03 41 0
03 42 0
03 43 0
03 44 0
03 45 0
04 01 0
04 02 0
04 03 0
04 04 0
04 05 0
04 06 0
04 07 0
04 08 0
04 09 0
04 10 0
04 11 0
04 12 0
04 13 0
04 14 0
04 15 0
04 16 0
04 17 0
04 18 0
04 19 0
04 20 0
04 21 0
04 22 0
04 23 0
04 24 0
04 25 0
04 26 0
04 27 0
04 28 0
04 29 0
04 30 0
04 31 0
04 32 0
04 33 0
04 34 0
04 35 0
04 36 0
04 37 0
04 38 0
04 39 0
04 40 0
04 41 0
04 42 0
04 43 0
04 44 0
04 45 0
05 01 0
05 02 0
05 03 0
05 04 0
05 05 0
05 06 0
05 07 0
05 08 0
05 09 0
05 10 0
05 11 0
05 12 0
05 13 0
05 14 0
05 15 0
05 16 0
05 17 0
05 18 0
05 19 0
05 20 0
05 21 0
05 22 0
05 23 0
05 24 0
05 25 0
05 26 0
05 27 0
05 28 0
05 29 0
05 30 0
05 31 0
05 32 0
05 33 0
05 34 0
05 35 0
05 36 0
05 37 0
05 38 0
05 39 0
05 40 0
05 41 0
05 42 0
05 43 0
05 44 0
05 45 0
06 01 0
06 02 0
06 03 0
06 04 0
06 05 0
06 06 0
06 07 0
06 08 0
06 09 0
06 10 0
06 11 0
06 12 0
06 13 0
06 14 0
06 15 0
06 16 0
06 17 0
06 18 0
06 19 0
06 20 0
06 21 0
06 22 0
06 23 0
06 24 0
06 25 0
06 26 0
06 27 0
06 28 0
06 29 0
06 30 0
06 31 0
06 32 0
06 33 0
06 34 0
06 35 0
06 36 0
06 37 0
06 38 0
06 39 0
06 40 0
06 41 0
06 42 0
06 43 0
06 44 0
06 45 0
07 01 0
07 02 0
07 03 0
07 04 0
07 05 0
07 06 0
07 07 0
07 08 0
07 09 0
07 10 0
07 11 0
07 12 0
07 13 0
07 14 0
07 15 0
07 16 0
07 17 0
07 18 0
07 19 0
07 20 0
07 21 0
07 22 0
07 23 0
07 24 0
07 25 0
07 26 0
07 27 0
07 28 0
07 29 0
07 30 0
07 31 0
07 32 0
07 33 0
07 34 0
07 35 0
07 36 0
07 37 0
07 38 0
07 39 0
07 40 0
07 41 0
07 42 0
07 43 0
07 44 0
07 45 0
08 01 0
08 02 0
08 03 0
08 04 0
08 05 0
08 06 0
08 07 0
08 08 0
08 09 0
08 10 0
08 11 0
08 12 0
08 13 0
08 14 0
08 15 0
08 16 0
08 17 0
08 18 0
08 19 0
08 20 0
08 21 0
08 22 0
08 23 0
08 24 0
08 25 0
08 26 0
08 27 0
08 28 0
08 29 0
08 30 0
08 31 0
08 32 0
08 33 0
08 34 0
08 35 0
08 36 0
08 37 0
08 38 0
08 39 0
08 40 0
08 41 0
08 42 0
08 43 0
08 44 0
08 45 0
09 01 0
09 02 0
09 03 0
09 04 0
09 05 0
09 06 0
09 07 0
09 08 0
09 09 0
09 10 0
09 11 0
09 12 0
09 13 0
09 14 0
09 15 0
09 16 0
09 17 0
09 18 0
09 19 0
09 20 0
09 21 0
09 22 0
09 23 0
09 24 0
09 25 0
09 26 0
09 27 0
09 28 0
09 29 0
09 30 0
09 31 0
09 32 0
09 33 0
09 34 0
09 35 0
09 36 0
09 37 0
09 38 0
09 39 0
09 40 0
09 41 0
09 42 0
09 43 0
09 44 0
09 45 0
10 01 0
10 02 0
10 03 0
10 04 0
10 05 0
10 06 0
10 07 0
10 08 0
10 09 0
10 10 0
10 11 1.0
10 12 1.0
10 13 1.0
10 14 1.0
10 15 1.0
10 16 1.41421356237
10 17 1.41421356237
10 18 1.41421356237
10 19 1.0
10 20 1.0
10 21 1.41421356237
10 22 1.41421356237
10 23 1.0
10 24 1.0
10 25 1.0
10 26 1.0
10 27 1.0
10 28 1.0
10 29 0
10 30 0
10 31 0
10 32 0
10 33 0
10 34 0
10 35 0
10 36 0
10 37 0
10 38 0
10 39 0
10 40 0
10 41 0
10 42 0
10 43 0
10 44 0
10 45 0
11 01 0
11 02 0
11 03 0
11 04 0
11 05 0
11 06 1.0
11 07 1.0
11 08 1.41421356237
11 09 1.0
11 10 1.41421356237
11 11 1.41421356237
11 12 1.41421356237
11 13 1.41421356237
11 14 1.41421356237
11 15 1.41421356237
11 16 1.41421356237
11 17 1.41421356237
11 18 1.41421356237
11 19 1.41421356237
11 20 1.41421356237
11 21 1.41421356237
11 22 1.41421356237
11 23 1.41421356237
11 24 1.41421356237
11 25 1.41421356237
11 26 1.41421356237
11 27 1.41421356237
11 28 1.41421356237
11 29 1.0
11 30 1.0
11 31 1.0
11 32 0
11 33 0
11 34 0
11 35 0
11 36 0
11 37 0
11 38 0
11 39 0
11 40 0
11 41 0
11 42 0
11 43 0
11 44 0
11 45 0
12 01 0
12 02 0
12 03 1.0
12 04 1.0
12 05 1.0
12 06 1.41421356237
12 07 1.41421356237
12 08 1.41421356237
12 09 1.41421356237
12 10 1.41421356237
12 11 1.41421356237
12 12 1.41421356237
12 13 1.41421356237
12 14 1.41421356237
12 15 1.41421356237
12 16 1.41421356237
12 17 1.41421356237
12 18 1.41421356237
12 19 1.41421356237
12 20 1.41421356237
12 21 1.41421356237
12 22 1.41421356237
12 23 1.41421356237
12 24 1.41421356237
12 25 1.41421356237
12 26 1.41421356237
12 27 1.41421356237
12 28 1.41421356237
12 29 1.41421356237
12 30 1.41421356237
12 31 1.41421356237
12 32 1.41421356237
12 33 1.41421356237
12 34 1.41421356237
12 35 1.0
12 36 0
12 37 0
12 38 0
12 39 0
12 40 0
12 41 0
12 42 0
12 43 0
12 44 0
12 45 0
13 01 0
13 02 1.0
13 03 1.41421356237
13 04 1.41421356237
13 05 1.41421356237
13 06 1.41421356237
13 07 1.41421356237
13 08 1.41421356237
13 09 1.41421356237
13 10 1.41421356237
13 11 1.41421356237
13 12 1.41421356237
13 13 1.41421356237
13 14 1.41421356237
13 15 1.41421356237
13 16 1.41421356237
13 17 1.41421356237
13 18 1.41421356237
13 19 1.41421356237
13 20 1.41421356237
13 21 1.41421356237
13 22 1.41421356237
13 23 1.41421356237
13 24 1.41421356237
13 25 1.41421356237
13 26 1.41421356237
13 27 1.41421356237
13 28 1.41421356237
13 29 1.41421356237
13 30 1.41421356237
13 31 1.41421356237
13 32 1.41421356237
13 33 1.41421356237
13 34 1.41421356237
13 35 1.41421356237
13 36 1.0
13 37 1.41421356237
13 38 2.2360679775
13 39 0
13 40 0
13 41 0
13 42 0
13 43 0
13 44 0
13 45 0
14 01 1.0
14 02 1.41421356237
14 03 1.41421356237
14 04 1.41421356237
14 05 1.41421356237
14 06 1.41421356237
14 07 1.41421356237
14 08 1.41421356237
14 09 1.41421356237
14 10 1.41421356237
14 11 1.41421356237
14 12 1.41421356237
14 13 1.41421356237
14 14 1.41421356237
14 15 1.41421356237
14 16 1.41421356237
14 17 1.41421356237
14 18 1.41421356237
14 19 1.41421356237
14 20 1.41421356237
14 21 1.41421356237
14 22 1.41421356237
14 23 1.41421356237
14 24 1.41421356237
14 25 1.41421356237
14 26 1.41421356237
14 27 1.41421356237
14 28 1.41421356237
14 29 1.41421356237
14 30 1.41421356237
14 31 1.41421356237
14 32 1.41421356237
14 33 1.41421356237
14 34 1.41421356237
14 35 1.41421356237
14 36 1.41421356237
14 37 1.41421356237
14 38 1.41421356237
14 39 1.0
14 40 1.0
14 41 1.0
14 42 1.0
14 43 0
14 44 0
14 45 0
15 01 1.41421356237
15 02 1.41421356237
15 03 1.41421356237
15 04 1.41421356237
15 05 1.41421356237
15 06 1.41421356237
15 07 1.41421356237
15 08 1.41421356237
15 09 1.41421356237
15 10 1.41421356237
15 11 1.41421356237
15 12 1.41421356237
15 13 1.41421356237
15 14 1.41421356237
15 15 1.41421356237
15 16 1.41421356237
15 17 1.41421356237
15 18 1.41421356237
15 19 1.41421356237
15 20 1.41421356237
15 21 1.41421356237
15 22 1.41421356237
15 23 1.41421356237
15 24 1.41421356237
15 25 1.41421356237
15 26 1.41421356237
15 27 1.41421356237
15 28 1.41421356237
15 29 1.41421356237
15 30 1.41421356237
15 31 1.41421356237
15 32 1.41421356237
15 33 1.41421356237
15 34 1.41421356237
15 35 1.41421356237
15 36 1.41421356237
15 37 1.41421356237
15 38 1.41421356237
15 39 1.41421356237
15 40 1.41421356237
15 41 1.41421356237
15 42 1.41421356237
15 43 1.0
15 44 0
15 45 0
16 01 1.41421356237
16 02 1.41421356237
16 03 1.41421356237
16 04 1.41421356237
16 05 1.41421356237
16 06 1.41421356237
16 07 1.41421356237
16 08 1.41421356237
16 09 1.41421356237
16 10 1.41421356237
16 11 1.41421356237
16 12 1.41421356237
16 13 1.41421356237
16 14 1.41421356237
16 15 1.41421356237
16 16 1.41421356237
16 17 1.41421356237
16 18 1.41421356237
16 19 1.41421356237
16 20 1.41421356237
16 21 1.41421356237
16 22 1.41421356237
16 23 1.41421356237
16 24 1.41421356237
16 25 1.41421356237
16 26 1.41421356237
16 27 1.41421356237
16 28 1.41421356237
16 29 1.41421356237
16 30 1.41421356237
16 31 1.41421356237
16 32 1.41421356237
16 33 1.41421356237
16 34 1.41421356237
16 35 1.41421356237
16 36 1.41421356237
16 37 1.41421356237
16 38 1.41421356237
16 39 1.41421356237
16 40 2.2360679775
16 41 1.41421356237
16 42 1.0
16 43 2.0
16 44 1.0
16 45 2.0
17 01 1.41421356237
17 02 1.41421356237
17 03 1.41421356237
17 04 1.41421356237
17 05 1.41421356237
17 06 1.41421356237
17 07 1.41421356237
17 08 1.41421356237
17 09 1.41421356237
17 10 1.41421356237
17 11 1.41421356237
17 12 1.41421356237
17 13 1.41421356237
17 14 1.41421356237
17 15 1.41421356237
17 16 1.41421356237
17 17 1.41421356237
17 18 1.41421356237
17 19 1.41421356237
17 20 1.41421356237
17 21 1.41421356237
17 22 1.41421356237
17 23 1.41421356237
17 24 1.41421356237
17 25 1.41421356237
17 26 1.41421356237
17 27 1.41421356237
17 28 1.41421356237
17 29 1.41421356237
17 30 1.41421356237
17 31 2.2360679775
17 32 2.2360679775
17 33 1.41421356237
17 34 1.41421356237
17 35 1.41421356237
17 36 1.41421356237
17 37 1.41421356237
17 38 1.41421356237
17 39 1.41421356237
17 40 1.41421356237
17 41 1.41421356237
17 42 1.0
17 43 1.41421356237
17 44 2.0
17 45 1.0
18 01 1.41421356237
18 02 1.41421356237
18 03 1.41421356237
18 04 1.41421356237
18 05 1.41421356237
18 06 1.41421356237
18 07 2.2360679775
18 08 1.41421356237
18 09 1.41421356237
18 10 1.41421356237
18 11 1.41421356237
18 12 1.41421356237
18 13 1.41421356237
18 14 1.41421356237
18 15 1.41421356237
18 16 1.41421356237
18 17 1.41421356237
18 18 1.41421356237
18 19 1.41421356237
18 20 1.41421356237
18 21 1.41421356237
18 22 1.41421356237
18 23 1.41421356237
18 24 1.41421356237
18 25 1.41421356237
18 26 1.41421356237
18 27 1.41421356237
18 28 1.41421356237
18 29 1.41421356237
18 30 1.41421356237
18 31 1.41421356237
18 32 1.41421356237
18 33 2.2360679775
18 34 1.41421356237
18 35 1.41421356237
18 36 1.41421356237
18 37 1.41421356237
18 38 1.41421356237
18 39 1.41421356237
18 40 1.41421356237
18 41 1.41421356237
18 42 1.41421356237
18 43 1.41421356237
18 44 2.2360679775
18 45 1.0
19 01 1.41421356237
19 02 1.41421356237
19 03 1.41421356237
19 04 1.41421356237
19 05 1.41421356237
19 06 1.41421356237
19 07 2.2360679775
19 08 1.41421356237
19 09 1.41421356237
19 10 1.41421356237
19 11 1.41421356237
19 12 1.41421356237
19 13 1.41421356237
19 14 1.41421356237
19 15 1.41421356237
19 16 1.41421356237
19 17 1.41421356237
19 18 1.41421356237
19 19 2.2360679775
19 20 2.2360679775
19 21 2.2360679775
19 22 2.2360679775
19 23 2.2360679775
19 24 2.2360679775
19 25 2.2360679775
19 26 1.41421356237
19 27 1.41421356237
19 28 1.41421356237
19 29 1.41421356237
19 30 1.41421356237
19 31 1.41421356237
19 32 2.2360679775
19 33 2.2360679775
19 34 2.2360679775
19 35 2.2360679775
19 36 1.41421356237
19 37 1.41421356237
19 38 1.41421356237
19 39 1.41421356237
19 40 1.41421356237
19 41 1.41421356237
19 42 1.41421356237
19 43 1.41421356237
19 44 1.41421356237
19 45 1.0
20 01 1.41421356237
20 02 1.41421356237
20 03 1.41421356237
20 04 1.41421356237
20 05 1.41421356237
20 06 1.41421356237
20 07 1.41421356237
20 08 1.41421356237
20 09 1.41421356237
20 10 2.2360679775
20 11 2.2360679775
20 12 1.41421356237
20 13 1.41421356237
20 14 1.41421356237
20 15 1.41421356237
20 16 1.41421356237
20 17 1.41421356237
20 18 1.41421356237
20 19 1.41421356237
20 20 1.41421356237
20 21 1.41421356237
20 22 2.2360679775
20 23 2.2360679775
20 24 2.2360679775
20 25 2.2360679775
20 26 1.41421356237
20 27 1.41421356237
20 28 1.41421356237
20 29 2.2360679775
20 30 2.2360679775
20 31 2.2360679775
20 32 2.2360679775
20 33 2.2360679775
20 34 2.2360679775
20 35 2.2360679775
20 36 2.2360679775
20 37 1.41421356237
20 38 1.41421356237
20 39 1.41421356237
20 40 1.41421356237
20 41 1.41421356237
20 42 1.41421356237
20 43 1.41421356237
20 44 1.41421356237
20 45 1.41421356237
21 01 1.41421356237
21 02 1.41421356237
21 03 1.41421356237
21 04 1.41421356237
21 05 1.41421356237
21 06 1.41421356237
21 07 1.41421356237
21 08 2.2360679775
21 09 1.41421356237
21 10 1.41421356237
21 11 1.41421356237
21 12 1.41421356237
21 13 1.41421356237
21 14 1.41421356237
21 15 1.41421356237
21 16 1.41421356237
21 17 1.41421356237
21 18 1.41421356237
21 19 1.41421356237
21 20 1.41421356237
21 21 2.2360679775
21 22 2.2360679775
21 23 2.2360679775
21 24 2.2360679775
21 25 1.41421356237
21 26 1.41421356237
21 27 2.2360679775
21 28 2.2360679775
21 29 2.2360679775
21 30 2.2360679775
21 31 2.2360679775
21 32 2.2360679775
21 33 2.2360679775
21 34 2.2360679775
21 35 2.2360679775
21 36 2.2360679775
21 37 1.41421356237
21 38 1.41421356237
21 39 1.41421356237
21 40 1.41421356237
21 41 1.41421356237
21 42 1.41421356237
21 43 1.41421356237
21 44 1.41421356237
21 45 1.41421356237
22 01 1.41421356237
22 02 1.41421356237
22 03 1.41421356237
22 04 1.41421356237
22 05 1.41421356237
22 06 1.41421356237
22 07 1.41421356237
22 08 1.41421356237
22 09 1.41421356237
22 10 1.41421356237
22 11 1.41421356237
22 12 1.41421356237
22 13 1.41421356237
22 14 1.41421356237
22 15 1.41421356237
22 16 1.41421356237
22 17 1.41421356237
22 18 1.41421356237
22 19 1.41421356237
22 20 1.41421356237
22 21 2.2360679775
22 22 2.2360679775
22 23 2.2360679775
22 24 2.2360679775
22 25 2.2360679775
22 26 2.2360679775
22 27 2.2360679775
22 28 2.2360679775
22 29 2.2360679775
22 30 2.2360679775
22 31 2.2360679775
22 32 2.2360679775
22 33 2.2360679775
22 34 2.2360679775
22 35 2.2360679775
22 36 1.41421356237
22 37 1.41421356237
22 38 1.41421356237
22 39 1.41421356237
22 40 1.41421356237
22 41 1.41421356237
22 42 1.41421356237
22 43 1.41421356237
22 44 1.41421356237
22 45 1.41421356237
23 01 1.41421356237
23 02 1.41421356237
23 03 1.41421356237
23 04 1.41421356237
23 05 1.41421356237
23 06 1.41421356237
23 07 1.41421356237
23 08 1.41421356237
23 09 1.41421356237
23 10 1.41421356237
23 11 2.2360679775
23 12 1.41421356237
23 13 1.41421356237
23 14 1.41421356237
23 15 1.41421356237
23 16 1.41421356237
23 17 1.41421356237
23 18 1.41421356237
23 19 1.41421356237
23 20 1.41421356237
23 21 2.2360679775
23 22 1.41421356237
23 23 2.2360679775
23 24 2.2360679775
23 25 2.2360679775
23 26 2.2360679775
23 27 2.2360679775
23 28 2.2360679775
23 29 2.2360679775
23 30 2.2360679775
23 31 2.2360679775
23 32 1.41421356237
23 33 1.41421356237
23 34 2.2360679775
23 35 1.41421356237
23 36 1.41421356237
23 37 1.41421356237
23 38 1.41421356237
23 39 1.41421356237
23 40 1.41421356237
23 41 1.41421356237
23 42 1.41421356237
23 43 1.41421356237
23 44 1.41421356237
23 45 2.2360679775
24 01 1.41421356237
24 02 1.41421356237
24 03 1.41421356237
24 04 2.2360679775
24 05 1.41421356237
24 06 1.41421356237
24 07 1.41421356237
24 08 1.41421356237
24 09 1.41421356237
24 10 2.2360679775
24 11 1.41421356237
24 12 2.2360679775
24 13 2.2360679775
24 14 1.41421356237
24 15 1.41421356237
24 16 1.41421356237
24 17 1.41421356237
24 18 1.41421356237
24 19 1.41421356237
24 20 1.41421356237
24 21 1.41421356237
24 22 2.2360679775
24 23 2.2360679775
24 24 2.2360679775
24 25 2.2360679775
24 26 2.2360679775
24 27 2.2360679775
24 28 2.2360679775
24 29 2.2360679775
24 30 1.41421356237
24 31 1.41421356237
24 32 1.41421356237
24 33 1.41421356237
24 34 1.41421356237
24 35 1.41421356237
24 36 1.41421356237
24 37 1.41421356237
24 38 1.41421356237
24 39 1.41421356237
24 40 1.41421356237
24 41 1.41421356237
24 42 1.41421356237
24 43 1.41421356237
24 44 1.41421356237
24 45 1.41421356237
25 01 1.41421356237
25 02 1.41421356237
25 03 1.41421356237
25 04 1.41421356237
25 05 1.41421356237
25 06 1.41421356237
25 07 1.41421356237
25 08 2.2360679775
25 09 2.2360679775
25 10 2.2360679775
25 11 2.2360679775
25 12 2.2360679775
25 13 1.41421356237
25 14 1.41421356237
25 15 1.41421356237
25 16 1.41421356237
25 17 1.41421356237
25 18 1.41421356237
25 19 1.41421356237
25 20 1.41421356237
25 21 1.0
25 22 2.2360679775
25 23 2.2360679775
25 24 2.2360679775
25 25 2.2360679775
25 26 2.2360679775
25 27 2.2360679775
25 28 1.41421356237
25 29 2.2360679775
25 30 2.2360679775
25 31 1.41421356237
25 32 1.41421356237
25 33 1.41421356237
25 34 1.41421356237
25 35 2.2360679775
25 36 2.2360679775
25 37 2.2360679775
25 38 2.2360679775
25 39 1.41421356237
25 40 1.41421356237
25 41 1.41421356237
25 42 1.41421356237
25 43 1.41421356237
25 44 1.41421356237
25 45 1.41421356237
26 01 1.41421356237
26 02 1.41421356237
26 03 1.41421356237
26 04 1.41421356237
26 05 1.41421356237
26 06 1.41421356237
26 07 2.2360679775
26 08 2.2360679775
26 09 2.2360679775
26 10 2.2360679775
26 11 2.2360679775
26 12 2.2360679775
26 13 2.2360679775
26 14 2.2360679775
26 15 2.2360679775
26 16 1.41421356237
26 17 1.41421356237
26 18 1.41421356237
26 19 1.41421356237
26 20 2.2360679775
26 21 2.2360679775
26 22 1.41421356237
26 23 2.2360679775
26 24 1.41421356237
26 25 1.41421356237
26 26 2.2360679775
26 27 2.2360679775
26 28 2.2360679775
26 29 2.2360679775
26 30 2.2360679775
26 31 1.41421356237
26 32 1.41421356237
26 33 2.2360679775
26 34 2.2360679775
26 35 2.2360679775
26 36 1.41421356237
26 37 1.41421356237
26 38 1.41421356237
26 39 1.41421356237
26 40 1.41421356237
26 41 1.41421356237
26 42 1.41421356237
26 43 1.41421356237
26 44 1.41421356237
26 45 1.41421356237
27 01 1.41421356237
27 02 2.2360679775
27 03 1.41421356237
27 04 1.41421356237
27 05 1.41421356237
27 06 1.41421356237
27 07 2.2360679775
27 08 2.2360679775
27 09 2.2360679775
27 10 2.2360679775
27 11 2.2360679775
27 12 2.2360679775
27 13 2.2360679775
27 14 2.2360679775
27 15 2.2360679775
27 16 2.2360679775
27 17 1.41421356237
27 18 1.41421356237
27 19 2.2360679775
27 20 1.41421356237
27 21 2.2360679775
27 22 1.41421356237
27 23 1.41421356237
27 24 1.41421356237
27 25 2.2360679775
27 26 2.2360679775
27 27 2.2360679775
27 28 2.2360679775
27 29 2.2360679775
27 30 2.2360679775
27 31 1.41421356237
27 32 2.2360679775
27 33 2.2360679775
27 34 2.2360679775
27 35 2.2360679775
27 36 2.2360679775
27 37 1.41421356237
27 38 1.41421356237
27 39 1.41421356237
27 40 2.2360679775
27 41 2.2360679775
27 42 2.2360679775
27 43 1.41421356237
27 44 2.2360679775
27 45 2.82842712475
28 01 1.41421356237
28 02 1.41421356237
28 03 1.41421356237
28 04 2.2360679775
28 05 1.41421356237
28 06 2.2360679775
28 07 2.2360679775
28 08 2.2360679775
28 09 2.2360679775
28 10 2.2360679775
28 11 2.2360679775
28 12 2.2360679775
28 13 2.2360679775
28 14 2.2360679775
28 15 2.2360679775
28 16 2.2360679775
28 17 2.2360679775
28 18 1.41421356237
28 19 2.2360679775
28 20 1.41421356237
28 21 2.2360679775
28 22 1.41421356237
28 23 2.2360679775
28 24 1.41421356237
28 25 1.0
28 26 1.41421356237
28 27 1.41421356237
28 28 1.41421356237
28 29 1.41421356237
28 30 1.41421356237
28 31 1.41421356237
28 32 2.0
28 33 2.2360679775
28 34 2.2360679775
28 35 2.2360679775
28 36 1.41421356237
28 37 1.41421356237
28 38 1.41421356237
28 39 2.2360679775
28 40 2.2360679775
28 41 2.2360679775
28 42 2.2360679775
28 43 2.2360679775
28 44 2.2360679775
28 45 2.82842712475
29 01 1.41421356237
29 02 1.41421356237
29 03 1.41421356237
29 04 1.41421356237
29 05 2.0
29 06 2.2360679775
29 07 2.2360679775
29 08 2.0
29 09 2.2360679775
29 10 2.2360679775
29 11 2.2360679775
29 12 2.2360679775
29 13 2.2360679775
29 14 2.2360679775
29 15 2.2360679775
29 16 2.2360679775
29 17 2.2360679775
29 18 2.2360679775
29 19 2.2360679775
29 20 1.41421356237
29 21 1.0
29 22 2.2360679775
29 23 2.2360679775
29 24 2.2360679775
29 25 1.41421356237
29 26 1.41421356237
29 27 1.41421356237
29 28 1.41421356237
29 29 1.41421356237
29 30 1.41421356237
29 31 1.41421356237
29 32 2.2360679775
29 33 2.2360679775
29 34 2.2360679775
29 35 2.2360679775
29 36 2.2360679775
29 37 1.41421356237
29 38 1.41421356237
29 39 2.2360679775
29 40 2.2360679775
29 41 2.2360679775
29 42 2.2360679775
29 43 2.2360679775
29 44 1.41421356237
29 45 1.41421356237
30 01 1.41421356237
30 02 1.41421356237
30 03 1.0
30 04 1.41421356237
30 05 1.0
30 06 2.0
30 07 1.0
30 08 2.0
30 09 2.0
30 10 2.0
30 11 2.0
30 12 2.0
30 13 2.0
30 14 2.0
30 15 2.0
30 16 2.0
30 17 2.0
30 18 2.2360679775
30 19 2.2360679775
30 20 2.0
30 21 2.0
30 22 2.0
30 23 2.0
30 24 2.0
30 25 2.2360679775
30 26 1.41421356237
30 27 1.41421356237
30 28 1.41421356237
30 29 1.41421356237
30 30 1.41421356237
30 31 1.41421356237
30 32 1.41421356237
30 33 1.41421356237
30 34 1.41421356237
30 35 2.2360679775
30 36 2.0
30 37 2.2360679775
30 38 2.2360679775
30 39 2.0
30 40 1.41421356237
30 41 2.2360679775
30 42 2.2360679775
30 43 2.2360679775
30 44 2.0
30 45 1.0
31 01 1.0
31 02 1.0
31 03 1.41421356237
31 04 1.0
31 05 2.0
31 06 1.0
31 07 1.0
31 08 1.0
31 09 2.0
31 10 2.0
31 11 2.0
31 12 2.0
31 13 2.0
31 14 2.0
31 15 2.0
31 16 2.0
31 17 2.0
31 18 2.0
31 19 2.0
31 20 2.0
31 21 2.0
31 22 2.0
31 23 2.0
31 24 2.0
31 25 2.2360679775
31 26 1.0
31 27 1.0
31 28 1.0
31 29 1.41421356237
31 30 1.41421356237
31 31 1.41421356237
31 32 1.41421356237
31 33 2.2360679775
31 34 2.2360679775
31 35 2.0
31 36 2.0
31 37 2.0
31 38 1.0
31 39 2.0
31 40 2.0
31 41 1.41421356237
31 42 2.2360679775
31 43 2.0
31 44 2.0
31 45 1.0
32 01 1.0
32 02 1.0
32 03 1.0
32 04 1.0
32 05 2.0
32 06 1.0
32 07 2.2360679775
32 08 2.0
32 09 2.0
32 10 2.0
32 11 2.0
32 12 2.0
32 13 2.0
32 14 2.0
32 15 2.0
32 16 2.0
32 17 2.0
32 18 2.0
32 19 2.0
32 20 2.0
32 21 2.0
32 22 2.0
32 23 2.0
32 24 1.0
32 25 1.0
32 26 1.0
32 27 1.0
32 28 1.0
32 29 1.0
32 30 1.0
32 31 1.0
32 32 2.2360679775
32 33 2.2360679775
32 34 2.2360679775
32 35 2.2360679775
32 36 2.0
32 37 2.0
32 38 2.0
32 39 2.2360679775
32 40 2.2360679775
32 41 2.2360679775
32 42 2.2360679775
32 43 2.2360679775
32 44 2.2360679775
32 45 1.0
33 01 1.0
33 02 1.0
33 03 1.0
33 04 1.0
33 05 1.0
33 06 2.0
33 07 2.0
33 08 2.0
33 09 2.0
33 10 2.0
33 11 2.0
33 12 2.0
33 13 2.0
33 14 2.0
33 15 2.0
33 16 2.0
33 17 2.0
33 18 2.0
33 19 2.2360679775
33 20 2.2360679775
33 21 2.2360679775
33 22 2.2360679775
33 23 2.2360679775
33 24 1.41421356237
33 25 1.41421356237
33 26 1.0
33 27 1.0
33 28 1.41421356237
33 29 1.41421356237
33 30 1.41421356237
33 31 1.41421356237
33 32 1.41421356237
33 33 1.41421356237
33 34 2.2360679775
33 35 2.0
33 36 2.2360679775
33 37 2.0
33 38 1.0
33 39 1.41421356237
33 40 1.41421356237
33 41 1.41421356237
33 42 1.41421356237
33 43 1.41421356237
33 44 1.41421356237
33 45 1.0
34 01 1.0
34 02 1.0
34 03 1.0
34 04 1.0
34 05 1.0
34 06 2.0
34 07 2.0
34 08 2.0
34 09 2.0
34 10 2.0
34 11 2.0
34 12 2.2360679775
34 13 2.0
34 14 2.0
34 15 2.2360679775
34 16 2.0
34 17 2.2360679775
34 18 2.2360679775
34 19 1.41421356237
34 20 2.2360679775
34 21 2.2360679775
34 22 2.2360679775
34 23 2.2360679775
34 24 1.41421356237
34 25 1.41421356237
34 26 1.41421356237
34 27 1.41421356237
34 28 1.41421356237
34 29 1.41421356237
34 30 1.0
34 31 1.0
34 32 1.0
34 33 2.0
34 34 2.2360679775
34 35 2.0
34 36 2.2360679775
34 37 2.2360679775
34 38 1.41421356237
34 39 1.41421356237
34 40 1.41421356237
34 41 1.41421356237
34 42 1.41421356237
34 43 1.41421356237
34 44 2.2360679775
34 45 1.0
35 01 1.0
35 02 1.0
35 03 2.0
35 04 2.2360679775
35 05 2.0
35 06 2.0
35 07 2.0
35 08 2.0
35 09 2.0
35 10 2.0
35 11 2.0
35 12 2.0
35 13 2.0
35 14 2.2360679775
35 15 2.2360679775
35 16 2.2360679775
35 17 2.2360679775
35 18 2.2360679775
35 19 1.41421356237
35 20 2.2360679775
35 21 2.2360679775
35 22 2.2360679775
35 23 1.0
35 24 2.2360679775
35 25 2.2360679775
35 26 1.41421356237
35 27 1.41421356237
35 28 1.41421356237
35 29 1.41421356237
35 30 1.41421356237
35 31 1.41421356237
35 32 1.41421356237
35 33 1.41421356237
35 34 1.41421356237
35 35 1.41421356237
35 36 1.41421356237
35 37 1.41421356237
35 38 1.41421356237
35 39 1.41421356237
35 40 1.41421356237
35 41 1.41421356237
35 42 1.41421356237
35 43 1.41421356237
35 44 2.2360679775
35 45 2.0
36 01 1.0
36 02 1.0
36 03 2.0
36 04 2.0
36 05 2.0
36 06 2.0
36 07 2.0
36 08 2.0
36 09 2.0
36 10 2.0
36 11 2.2360679775
36 12 2.2360679775
36 13 2.2360679775
36 14 2.2360679775
36 15 2.2360679775
36 16 2.2360679775
36 17 2.2360679775
36 18 2.2360679775
36 19 2.2360679775
36 20 2.2360679775
36 21 2.82842712475
36 22 2.2360679775
36 23 2.2360679775
36 24 2.2360679775
36 25 2.2360679775
36 26 2.2360679775
36 27 1.41421356237
36 28 1.41421356237
36 29 1.41421356237
36 30 1.41421356237
36 31 1.41421356237
36 32 1.41421356237
36 33 1.41421356237
36 34 1.41421356237
36 35 1.41421356237
36 36 1.41421356237
36 37 1.41421356237
36 38 1.41421356237
36 39 1.41421356237
36 40 1.41421356237
36 41 1.41421356237
36 42 1.41421356237
36 43 1.41421356237
36 44 1.41421356237
36 45 1.41421356237
37 01 2.0
37 02 1.0
37 03 2.2360679775
37 04 2.2360679775
37 05 2.0
37 06 2.0
37 07 2.0
37 08 1.0
37 09 2.2360679775
37 10 2.2360679775
37 11 2.2360679775
37 12 1.41421356237
37 13 2.2360679775
37 14 2.2360679775
37 15 2.2360679775
37 16 2.2360679775
37 17 2.2360679775
37 18 2.2360679775
37 19 2.2360679775
37 20 2.2360679775
37 21 2.2360679775
37 22 2.82842712475
37 23 2.82842712475
37 24 2.2360679775
37 25 2.2360679775
37 26 2.2360679775
37 27 1.41421356237
37 28 1.41421356237
37 29 1.41421356237
37 30 1.41421356237
37 31 1.41421356237
37 32 1.41421356237
37 33 1.41421356237
37 34 1.41421356237
37 35 1.41421356237
37 36 1.41421356237
37 37 1.41421356237
37 38 1.41421356237
37 39 1.41421356237
37 40 1.41421356237
37 41 1.41421356237
37 42 1.41421356237
37 43 1.41421356237
37 44 2.2360679775
37 45 2.0
38 01 1.0
38 02 1.41421356237
38 03 1.0
38 04 1.0
38 05 1.0
38 06 1.0
38 07 2.0
38 08 1.0
38 09 1.0
38 10 2.2360679775
38 11 1.41421356237
38 12 1.41421356237
38 13 2.2360679775
38 14 1.41421356237
38 15 2.2360679775
38 16 2.2360679775
38 17 2.2360679775
38 18 1.41421356237
38 19 1.41421356237
38 20 1.41421356237
38 21 1.41421356237
38 22 2.82842712475
38 23 2.2360679775
38 24 2.2360679775
38 25 2.2360679775
38 26 2.2360679775
38 27 2.2360679775
38 28 2.2360679775
38 29 2.2360679775
38 30 2.2360679775
38 31 1.41421356237
38 32 1.41421356237
38 33 1.41421356237
38 34 1.41421356237
38 35 1.41421356237
38 36 1.41421356237
38 37 1.41421356237
38 38 1.41421356237
38 39 1.41421356237
38 40 1.41421356237
38 41 1.41421356237
38 42 1.41421356237
38 43 1.41421356237
38 44 2.0
38 45 2.0
39 01 1.0
39 02 1.0
39 03 2.0
39 04 1.0
39 05 1.0
39 06 2.0
39 07 1.0
39 08 1.0
39 09 1.41421356237
39 10 2.2360679775
39 11 1.41421356237
39 12 1.41421356237
39 13 1.41421356237
39 14 1.41421356237
39 15 1.41421356237
39 16 1.41421356237
39 17 1.41421356237
39 18 1.41421356237
39 19 1.41421356237
39 20 1.41421356237
39 21 1.41421356237
39 22 1.41421356237
39 23 2.82842712475
39 24 2.2360679775
39 25 2.2360679775
39 26 1.41421356237
39 27 2.2360679775
39 28 2.2360679775
39 29 2.2360679775
39 30 2.2360679775
39 31 2.2360679775
39 32 1.41421356237
39 33 1.41421356237
39 34 1.41421356237
39 35 1.41421356237
39 36 1.41421356237
39 37 1.41421356237
39 38 1.41421356237
39 39 1.41421356237
39 40 1.41421356237
39 41 1.41421356237
39 42 1.41421356237
39 43 1.41421356237
39 44 1.41421356237
39 45 2.0
40 01 1.0
40 02 2.0
40 03 1.0
40 04 1.41421356237
40 05 1.0
40 06 1.0
40 07 1.41421356237
40 08 1.0
40 09 1.0
40 10 1.41421356237
40 11 1.41421356237
40 12 1.41421356237
40 13 1.41421356237
40 14 1.41421356237
40 15 1.41421356237
40 16 1.41421356237
40 17 1.41421356237
40 18 1.41421356237
40 19 1.41421356237
40 20 1.41421356237
40 21 1.41421356237
40 22 1.41421356237
40 23 1.41421356237
40 24 2.2360679775
40 25 1.41421356237
40 26 2.2360679775
40 27 2.2360679775
40 28 2.2360679775
40 29 2.2360679775
40 30 2.2360679775
40 31 2.2360679775
40 32 1.41421356237
40 33 1.41421356237
40 34 1.41421356237
40 35 1.41421356237
40 36 1.41421356237
40 37 1.41421356237
40 38 1.41421356237
40 39 1.41421356237
40 40 1.41421356237
40 41 1.41421356237
40 42 1.41421356237
40 43 1.41421356237
40 44 2.2360679775
40 45 2.0
41 01 1.0
41 02 2.0
41 03 1.0
41 04 1.0
41 05 1.41421356237
41 06 1.41421356237
41 07 1.0
41 08 1.41421356237
41 09 1.41421356237
41 10 1.41421356237
41 11 1.41421356237
41 12 1.41421356237
41 13 1.41421356237
41 14 1.41421356237
41 15 1.41421356237
41 16 1.41421356237
41 17 1.41421356237
41 18 1.41421356237
41 19 1.41421356237
41 20 1.41421356237
41 21 1.41421356237
41 22 2.2360679775
41 23 1.41421356237
41 24 1.41421356237
41 25 2.0
41 26 2.2360679775
41 27 2.2360679775
41 28 2.2360679775
41 29 2.2360679775
41 30 2.2360679775
41 31 2.2360679775
41 32 1.41421356237
41 33 1.41421356237
41 34 1.41421356237
41 35 1.41421356237
41 36 1.41421356237
41 37 1.41421356237
41 38 1.41421356237
41 39 1.41421356237
41 40 1.41421356237
41 41 2.2360679775
41 42 1.41421356237
41 43 2.2360679775
41 44 2.2360679775
41 45 0
42 01 1.0
42 02 1.0
42 03 1.0
42 04 1.0
42 05 1.0
42 06 1.41421356237
42 07 1.41421356237
42 08 1.41421356237
42 09 1.41421356237
42 10 1.41421356237
42 11 1.41421356237
42 12 1.41421356237
42 13 1.41421356237
42 14 1.41421356237
42 15 1.41421356237
42 16 1.41421356237
42 17 1.41421356237
42 18 1.41421356237
42 19 1.41421356237
42 20 1.41421356237
42 21 1.41421356237
42 22 1.41421356237
42 23 2.2360679775
42 24 1.0
42 25 1.41421356237
42 26 2.2360679775
42 27 1.41421356237
42 28 1.41421356237
42 29 1.41421356237
42 30 1.41421356237
42 31 1.41421356237
42 32 1.41421356237
42 33 1.41421356237
42 34 1.41421356237
42 35 1.41421356237
42 36 1.41421356237
42 37 1.41421356237
42 38 1.41421356237
42 39 1.41421356237
42 40 1.41421356237
42 41 2.2360679775
42 42 1.0
42 43 1.0
42 44 0
42 45 0
43 01 0
43 02 0
43 03 1.0
43 04 1.0
43 05 1.41421356237
43 06 1.41421356237
43 07 1.41421356237
43 08 1.41421356237
43 09 1.41421356237
43 10 1.41421356237
43 11 1.41421356237
43 12 1.41421356237
43 13 1.41421356237
43 14 1.41421356237
43 15 1.41421356237
43 16 1.41421356237
43 17 1.41421356237
43 18 1.41421356237
43 19 1.41421356237
43 20 2.2360679775
43 21 2.2360679775
43 22 2.2360679775
43 23 2.2360679775
43 24 1.41421356237
43 25 1.41421356237
43 26 1.41421356237
43 27 1.41421356237
43 28 1.41421356237
43 29 1.41421356237
43 30 1.41421356237
43 31 1.41421356237
43 32 1.41421356237
43 33 1.41421356237
43 34 1.41421356237
43 35 1.41421356237
43 36 1.41421356237
43 37 1.41421356237
43 38 1.41421356237
43 39 1.41421356237
43 40 1.0
43 41 1.0
43 42 0
43 43 0
43 44 0
43 45 0
44 01 0
44 02 1.0
44 03 1.41421356237
44 04 1.41421356237
44 05 1.0
44 06 1.0
44 07 1.0
44 08 1.0
44 09 1.41421356237
44 10 1.41421356237
44 11 1.41421356237
44 12 1.41421356237
44 13 1.41421356237
44 14 1.41421356237
44 15 1.41421356237
44 16 1.41421356237
44 17 1.41421356237
44 18 1.41421356237
44 19 1.41421356237
44 20 1.41421356237
44 21 1.41421356237
44 22 1.41421356237
44 23 1.41421356237
44 24 1.41421356237
44 25 1.41421356237
44 26 1.41421356237
44 27 1.41421356237
44 28 1.41421356237
44 29 1.41421356237
44 30 1.41421356237
44 31 1.41421356237
44 32 1.41421356237
44 33 1.41421356237
44 34 1.41421356237
44 35 1.41421356237
44 36 1.41421356237
44 37 1.0
44 38 1.0
44 39 1.0
44 40 0
44 41 0
44 42 0
44 43 0
44 44 0
44 45 0
45 01 0
45 02 1.0
45 03 1.41421356237
45 04 1.41421356237
45 05 0
45 06 0
45 07 0
45 08 1.0
45 09 1.0
45 10 1.0
45 11 1.0
45 12 1.0
45 13 1.0
45 14 1.0
45 15 1.0
45 16 1.41421356237
45 17 1.41421356237
45 18 1.41421356237
45 19 1.41421356237
45 20 1.41421356237
45 21 1.41421356237
45 22 1.41421356237
45 23 1.41421356237
45 24 1.41421356237
45 25 1.41421356237
45 26 1.41421356237
45 27 1.41421356237
45 28 1.41421356237
45 29 1.0
45 30 1.41421356237
45 31 1.0
45 32 1.41421356237
45 33 1.41421356237
45 34 1.0
45 35 0
45 36 0
45 37 0
45 38 0
45 39 0
45 40 0
45 41 0
45 42 0
45 43 0
45 44 0
45 45 0
