01 0
02 0
03 0
04 0
05 0
06 1.0
07 1.41421356237
08 1.41421356237
09 1.41421356237
10 1.41421356237
11 1.41421356237
12 2.2360679775
13 2.2360679775
14 1.41421356237
15 1.41421356237
16 2.2360679775
17 1.41421356237
18 1.41421356237
19 1.41421356237
20 1.41421356237
21 2.2360679775
22 2.0
23 2.0
24 2.0
25 2.2360679775
26 2.2360679775
27 2.2360679775
28 2.2360679775
29 2.2360679775
30 2.82842712475
31 2.82842712475
32 2.2360679775
33 2.2360679775
34 2.2360679775
35 2.2360679775
36 2.2360679775
37 1.0
38 2.2360679775
39 2.2360679775
40 1.0
41 1.0
42 0
43 0
44 0
45 0
